t: 0.03125
nCells: 16x16, dx: 0.125, dy: 0.125

u (19x18): 
         |        2        3        4        5        6        7        8        9       10       11       12       13       14       15       16       17
----------------------------------------------------------------------------------------------------------------------------------------------------------------------------------------------
       16|    0.002  0.00279  0.00315  0.00335  0.00346  0.00352  0.00355  0.00356  0.00355  0.00352  0.00345  0.00334  0.00314  0.00278  0.00199        0
       15|-0.000787-0.000792-0.000677-0.000574  -0.0005-0.000452-0.000425-0.000418-0.000428-0.000457-0.000507-0.000583-0.000687-0.000801-0.000796        0
       14|-0.000367-0.000493-0.000499-0.000468-0.000432-0.000405-0.000388-0.000383-0.000391-0.000409-0.000439-0.000476-0.000508-0.000502-0.000376        0
       13|-0.000198-0.000315 -0.00036-0.000367 -0.00036-0.000349-0.000342 -0.00034-0.000344-0.000354-0.000366-0.000376-0.000369-0.000324-0.000207        0
       12|-0.000119 -0.00021-0.000261-0.000284-0.000292-0.000293-0.000293-0.000293-0.000295-0.000298-0.000299-0.000292 -0.00027-0.000219-0.000128        0
       11|-7.74e-05-0.000145-0.000191-0.000219-0.000234-0.000241-0.000245-0.000247-0.000247-0.000246 -0.00024-0.000227  -0.0002-0.000154-8.53e-05        0
       10|-5.26e-05-0.000104-0.000142-0.000169-0.000186-0.000196-0.000202-0.000204-0.000204  -0.0002-0.000192-0.000176 -0.00015-0.000112-6.02e-05        0
        9|-3.69e-05-7.54e-05-0.000107 -0.00013-0.000147-0.000157-0.000164-0.000166-0.000166-0.000161-0.000152-0.000137-0.000114 -8.3e-05 -4.4e-05        0
        8|-2.62e-05-5.56e-05-8.07e-05-0.000101-0.000115-0.000125-0.000131-0.000134-0.000133-0.000129 -0.00012-0.000107-8.78e-05-6.28e-05-3.29e-05        0
        7|-1.88e-05-4.14e-05-6.13e-05-7.77e-05-9.03e-05-9.93e-05-0.000105-0.000107-0.000107-0.000103-9.52e-05-8.37e-05-6.79e-05-4.82e-05-2.51e-05        0
        6|-1.35e-05-3.11e-05-4.68e-05-6.02e-05-7.08e-05-7.85e-05-8.35e-05-8.57e-05-8.52e-05-8.18e-05-7.54e-05-6.58e-05 -5.3e-05-3.73e-05-1.93e-05        0
        5|-9.68e-06-2.35e-05 -3.6e-05-4.69e-05-5.57e-05-6.23e-05-6.66e-05-6.86e-05-6.82e-05-6.53e-05   -6e-05-5.21e-05-4.18e-05-2.93e-05-1.52e-05        0
        4|-6.95e-06 -1.8e-05-2.81e-05 -3.7e-05-4.44e-05   -5e-05-5.37e-05-5.54e-05-5.52e-05-5.28e-05-4.84e-05 -4.2e-05-3.36e-05-2.35e-05-1.21e-05        0
        3|-5.07e-06-1.41e-05-2.25e-05   -3e-05-3.62e-05-4.11e-05-4.43e-05-4.59e-05-4.57e-05-4.38e-05-4.01e-05-3.47e-05-2.77e-05-1.94e-05-9.98e-06        0
        2|-3.85e-06-1.16e-05-1.89e-05-2.54e-05-3.09e-05-3.51e-05-3.81e-05-3.95e-05-3.94e-05-3.78e-05-3.46e-05-2.99e-05-2.39e-05-1.67e-05-8.59e-06        0
        1|-3.19e-06-1.02e-05-1.69e-05-2.29e-05 -2.8e-05-3.19e-05-3.47e-05-3.61e-05 -3.6e-05-3.45e-05-3.16e-05-2.73e-05-2.18e-05-1.52e-05-7.85e-06        0

v (18x19): 
         |        1        2        3        4        5        6        7        8        9       10       11       12       13       14       15       16
-------------------------------------------------------------------------------------------------------------------------------------------------------------------------------------
       17|        0        0        0        0        0        0        0        0        0        0        0        0        0        0        0        0
       16|  0.00198 0.000772 0.000352 0.000183 0.000103 5.92e-05 3.13e-05 1.02e-05-8.83e-06-2.99e-05-5.79e-05-0.000102-0.000182-0.000351-0.000771 -0.00198
       15|  0.00117 0.000754 0.000455 0.000277  0.00017 0.000103 5.56e-05 1.85e-05-1.57e-05-5.29e-05-9.99e-05-0.000168-0.000274-0.000453-0.000752 -0.00117
       14| 0.000784 0.000615 0.000437 0.000298 0.000198 0.000125    7e-05 2.38e-05-1.97e-05 -6.6e-05-0.000122-0.000194-0.000295-0.000434-0.000612-0.000781
       13| 0.000565 0.000486 0.000381 0.000282 0.000199 0.000131 7.53e-05 2.61e-05-2.09e-05-7.02e-05-0.000126-0.000194-0.000277-0.000377-0.000482-0.000561
       12| 0.000425 0.000383 0.000318 0.000249 0.000184 0.000126 7.38e-05 2.62e-05   -2e-05-6.77e-05 -0.00012-0.000178-0.000244-0.000313-0.000378-0.000421
       11| 0.000328 0.000303 0.000261 0.000212 0.000162 0.000114 6.82e-05 2.48e-05-1.78e-05-6.14e-05-0.000107-0.000156-0.000206-0.000256-0.000298-0.000323
       10| 0.000256 0.000241 0.000212 0.000177 0.000138 9.91e-05 6.05e-05 2.26e-05-1.51e-05-5.31e-05 -9.2e-05-0.000132-0.000171-0.000206-0.000235-0.000251
        9| 0.000202 0.000191 0.000171 0.000145 0.000116 8.41e-05 5.21e-05 1.99e-05-1.22e-05-4.45e-05-7.67e-05-0.000109-0.000139-0.000165-0.000185-0.000196
        8| 0.000159 0.000151 0.000137 0.000118 9.47e-05 6.98e-05 4.38e-05 1.72e-05-9.53e-06-3.62e-05-6.25e-05-8.78e-05-0.000111-0.000131-0.000145-0.000153
        7| 0.000124 0.000119 0.000108 9.38e-05 7.63e-05 5.68e-05  3.6e-05 1.45e-05-7.17e-06-2.87e-05-4.97e-05-6.96e-05-8.75e-05-0.000102-0.000113-0.000119
        6| 9.56e-05 9.18e-05 8.42e-05 7.34e-05 6.01e-05 4.51e-05 2.89e-05  1.2e-05-5.19e-06-2.22e-05-3.86e-05 -5.4e-05-6.76e-05-7.88e-05-8.68e-05 -9.1e-05
        5| 7.21e-05 6.93e-05 6.38e-05 5.59e-05 4.61e-05 3.47e-05 2.24e-05 9.53e-06 -3.6e-06-1.66e-05-2.91e-05-4.07e-05-5.08e-05-5.91e-05-6.49e-05 -6.8e-05
        4|  5.2e-05 5.01e-05 4.63e-05 4.07e-05 3.36e-05 2.55e-05 1.66e-05 7.21e-06-2.35e-06-1.18e-05-2.09e-05-2.92e-05-3.65e-05-4.23e-05-4.65e-05-4.86e-05
        3| 3.45e-05 3.33e-05 3.08e-05 2.72e-05 2.25e-05 1.72e-05 1.12e-05    5e-06-1.37e-06-7.67e-06-1.37e-05-1.92e-05 -2.4e-05-2.78e-05-3.05e-05-3.19e-05
        2| 1.88e-05 1.81e-05 1.68e-05 1.48e-05 1.23e-05 9.42e-06 6.22e-06 2.84e-06-6.05e-07-4.01e-06-7.25e-06-1.02e-05-1.28e-05-1.48e-05-1.62e-05 -1.7e-05

p (18x18): 
         |        1        2        3        4        5        6        7        8        9       10       11       12       13       14       15       16
-------------------------------------------------------------------------------------------------------------------------------------------------------------------------------------
       16|  -0.0259  -0.0179   -0.013 -0.00966 -0.00705 -0.00487 -0.00295 -0.00117 0.000578  0.00237  0.00431  0.00651  0.00916   0.0126   0.0175   0.0255
       15|   -0.018  -0.0148  -0.0116 -0.00893 -0.00663 -0.00463 -0.00283 -0.00113 0.000543  0.00225  0.00408  0.00611  0.00844   0.0112   0.0144   0.0176
       14|  -0.0133  -0.0118 -0.00982 -0.00782 -0.00595 -0.00422 -0.00261 -0.00105  0.00048  0.00204  0.00368  0.00544  0.00734  0.00937   0.0114   0.0129
       13|  -0.0101 -0.00933 -0.00807 -0.00663 -0.00516 -0.00372 -0.00233-0.000958 0.000401  0.00178  0.00319  0.00466  0.00616  0.00764  0.00893  0.00976
       12| -0.00786 -0.00739 -0.00655  -0.0055 -0.00437  -0.0032 -0.00202-0.000854 0.000318   0.0015  0.00269  0.00388  0.00505  0.00613  0.00701  0.00752
       11| -0.00616 -0.00585 -0.00527 -0.00451 -0.00363 -0.00269 -0.00173-0.000749 0.000238  0.00123  0.00221  0.00317  0.00408  0.00488  0.00549  0.00583
       10| -0.00485 -0.00464 -0.00423 -0.00366 -0.00298 -0.00224 -0.00146 -0.00065 0.000166 0.000981  0.00178  0.00255  0.00325  0.00385   0.0043  0.00454
        9| -0.00383 -0.00368 -0.00338 -0.00295 -0.00243 -0.00184 -0.00121-0.000559 0.000106 0.000769  0.00141  0.00202  0.00257  0.00303  0.00336  0.00354
        8| -0.00302 -0.00292 -0.00269 -0.00237 -0.00197 -0.00151 -0.00101 -0.00048  5.7e-05 0.000591  0.00111  0.00159  0.00202  0.00237  0.00262  0.00275
        7| -0.00239 -0.00231 -0.00214  -0.0019 -0.00159 -0.00123-0.000831-0.000411 1.88e-05 0.000446 0.000857  0.00124  0.00157  0.00184  0.00204  0.00214
        6| -0.00189 -0.00184 -0.00171 -0.00152 -0.00128   -0.001-0.000687-0.000353-9.82e-06 0.000331 0.000658 0.000959  0.00122  0.00143  0.00158  0.00166
        5| -0.00151 -0.00147 -0.00137 -0.00123 -0.00104 -0.00082-0.000571-0.000305-3.06e-05 0.000242 0.000503 0.000743 0.000952  0.00112  0.00124   0.0013
        4| -0.00122 -0.00119 -0.00112 -0.00101-0.000859-0.000681-0.000481-0.000267 -4.5e-05 0.000176 0.000387 0.000581 0.000749 0.000883 0.000977  0.00103
        3| -0.00101-0.000991-0.000934-0.000844-0.000724-0.000579-0.000415-0.000238-5.44e-05 0.000128 0.000304 0.000464 0.000603 0.000714 0.000791 0.000831
        2|-0.000873-0.000857-0.000811-0.000736-0.000634-0.000511 -0.00037-0.000218-5.99e-05 9.78e-05 0.000249 0.000387 0.000507 0.000602 0.000669 0.000703
        1|-0.000798-0.000785-0.000744-0.000676-0.000585-0.000473-0.000345-0.000207-6.23e-05 8.18e-05  0.00022 0.000346 0.000456 0.000543 0.000604 0.000635

F (19x18): 
         |        2        3        4        5        6        7        8        9       10       11       12       13       14       15       16       17
----------------------------------------------------------------------------------------------------------------------------------------------------------------------------------------------
       16|    0.004    0.004    0.004    0.004    0.004    0.004    0.004    0.004    0.004    0.004    0.004    0.004    0.004    0.004    0.004        0
       15|        0        0        0        0        0        0        0        0        0        0        0        0        0        0        0        0
       14|        0        0        0        0        0        0        0        0        0        0        0        0        0        0        0        0
       13|        0        0        0        0        0        0        0        0        0        0        0        0        0        0        0        0
       12|        0        0        0        0        0        0        0        0        0        0        0        0        0        0        0        0
       11|        0        0        0        0        0        0        0        0        0        0        0        0        0        0        0        0
       10|        0        0        0        0        0        0        0        0        0        0        0        0        0        0        0        0
        9|        0        0        0        0        0        0        0        0        0        0        0        0        0        0        0        0
        8|        0        0        0        0        0        0        0        0        0        0        0        0        0        0        0        0
        7|        0        0        0        0        0        0        0        0        0        0        0        0        0        0        0        0
        6|        0        0        0        0        0        0        0        0        0        0        0        0        0        0        0        0
        5|        0        0        0        0        0        0        0        0        0        0        0        0        0        0        0        0
        4|        0        0        0        0        0        0        0        0        0        0        0        0        0        0        0        0
        3|        0        0        0        0        0        0        0        0        0        0        0        0        0        0        0        0
        2|        0        0        0        0        0        0        0        0        0        0        0        0        0        0        0        0
        1|        0        0        0        0        0        0        0        0        0        0        0        0        0        0        0        0

G (18x19): 
         |        1        2        3        4        5        6        7        8        9       10       11       12       13       14       15       16
-------------------------------------------------------------------------------------------------------------------------------------------------------------------------------------
       17|        0        0        0        0        0        0        0        0        0        0        0        0        0        0        0        0
       16|        0        0        0        0        0        0        0        0        0        0        0        0        0        0        0        0
       15|        0        0        0        0        0        0        0        0        0        0        0        0        0        0        0        0
       14|        0        0        0        0        0        0        0        0        0        0        0        0        0        0        0        0
       13|        0        0        0        0        0        0        0        0        0        0        0        0        0        0        0        0
       12|        0        0        0        0        0        0        0        0        0        0        0        0        0        0        0        0
       11|        0        0        0        0        0        0        0        0        0        0        0        0        0        0        0        0
       10|        0        0        0        0        0        0        0        0        0        0        0        0        0        0        0        0
        9|        0        0        0        0        0        0        0        0        0        0        0        0        0        0        0        0
        8|        0        0        0        0        0        0        0        0        0        0        0        0        0        0        0        0
        7|        0        0        0        0        0        0        0        0        0        0        0        0        0        0        0        0
        6|        0        0        0        0        0        0        0        0        0        0        0        0        0        0        0        0
        5|        0        0        0        0        0        0        0        0        0        0        0        0        0        0        0        0
        4|        0        0        0        0        0        0        0        0        0        0        0        0        0        0        0        0
        3|        0        0        0        0        0        0        0        0        0        0        0        0        0        0        0        0
        2|        0        0        0        0        0        0        0        0        0        0        0        0        0        0        0        0

rhs (18x18): 
         |        1        2        3        4        5        6        7        8        9       10       11       12       13       14       15       16
-------------------------------------------------------------------------------------------------------------------------------------------------------------------------------------
       16|     1.02        0        0        0        0        0        0        0        0        0        0        0        0        0        0    -1.02
       15|        0        0        0        0        0        0        0        0        0        0        0        0        0        0        0        0
       14|        0        0        0        0        0        0        0        0        0        0        0        0        0        0        0        0
       13|        0        0        0        0        0        0        0        0        0        0        0        0        0        0        0        0
       12|        0        0        0        0        0        0        0        0        0        0        0        0        0        0        0        0
       11|        0        0        0        0        0        0        0        0        0        0        0        0        0        0        0        0
       10|        0        0        0        0        0        0        0        0        0        0        0        0        0        0        0        0
        9|        0        0        0        0        0        0        0        0        0        0        0        0        0        0        0        0
        8|        0        0        0        0        0        0        0        0        0        0        0        0        0        0        0        0
        7|        0        0        0        0        0        0        0        0        0        0        0        0        0        0        0        0
        6|        0        0        0        0        0        0        0        0        0        0        0        0        0        0        0        0
        5|        0        0        0        0        0        0        0        0        0        0        0        0        0        0        0        0
        4|        0        0        0        0        0        0        0        0        0        0        0        0        0        0        0        0
        3|        0        0        0        0        0        0        0        0        0        0        0        0        0        0        0        0
        2|        0        0        0        0        0        0        0        0        0        0        0        0        0        0        0        0
        1|        0        0        0        0        0        0        0        0        0        0        0        0        0        0        0        0

