nCells: 20x20, dx: 0.1, dy: 0.1

p (22x22): 
         |        0        1        2        3        4        5        6        7        8        9       10       11       12       13       14       15       16       17       18       19       20       21
-------------------------------------------------------------------------------------------------------------------------------------------------------------------------------------------------------------------------
       21|  -0.0304  -0.0304  -0.0229  -0.0187  -0.0152  -0.0123 -0.00984 -0.00761 -0.00559  -0.0037 -0.00189-0.000117  0.00167  0.00351  0.00546  0.00762   0.0101   0.0133   0.0179   0.0253   0.0384   0.0384
       20|  -0.0304  -0.0304  -0.0229  -0.0187  -0.0152  -0.0123 -0.00984 -0.00761 -0.00559  -0.0037 -0.00189-0.000117  0.00167  0.00351  0.00546  0.00762   0.0101   0.0133   0.0179   0.0253   0.0384   0.0384
       19|  -0.0224  -0.0224    -0.02  -0.0171  -0.0143  -0.0117  -0.0094 -0.00732 -0.00538 -0.00356  -0.0018 -7.8e-05  0.00166  0.00345  0.00534   0.0074  0.00972   0.0124   0.0158   0.0204   0.0261   0.0261
       18|  -0.0174  -0.0174  -0.0164  -0.0146  -0.0126  -0.0106 -0.00862 -0.00677   -0.005  -0.0033 -0.00165 5.09e-07  0.00166  0.00337  0.00517  0.00709  0.00921   0.0116   0.0143   0.0172   0.0196   0.0196
       17|  -0.0142  -0.0142  -0.0136  -0.0124  -0.0109 -0.00936 -0.00774 -0.00614 -0.00456 -0.00301 -0.00147 6.54e-05  0.00162  0.00321  0.00486   0.0066  0.00844   0.0104   0.0124   0.0143   0.0155   0.0155
       16|  -0.0118  -0.0118  -0.0114  -0.0105 -0.00946 -0.00821 -0.00687 -0.00549 -0.00409  -0.0027  -0.0013 0.000111  0.00154  0.00299  0.00447    0.006  0.00755  0.00911   0.0106   0.0118   0.0125   0.0125
       15| -0.00988 -0.00988 -0.00959 -0.00899 -0.00815 -0.00715 -0.00603 -0.00486 -0.00364 -0.00239 -0.00113 0.000138  0.00142  0.00272  0.00403  0.00535  0.00665  0.00789  0.00899  0.00984   0.0103   0.0103
       14| -0.00837 -0.00837 -0.00815 -0.00769 -0.00702 -0.00621 -0.00528 -0.00427  -0.0032 -0.00211-0.000988 0.000148  0.00129  0.00244  0.00359  0.00471  0.00579  0.00678  0.00763  0.00825  0.00856  0.00856
       13| -0.00714 -0.00714 -0.00697  -0.0066 -0.00606 -0.00538  -0.0046 -0.00373 -0.00281 -0.00185-0.000859 0.000147  0.00116  0.00217  0.00316  0.00412  0.00501  0.00582  0.00648  0.00695  0.00718  0.00718
       12| -0.00612 -0.00612 -0.00598 -0.00568 -0.00523 -0.00467   -0.004 -0.00326 -0.00246 -0.00162-0.000749 0.000136  0.00103  0.00191  0.00276  0.00358  0.00433  0.00499  0.00552  0.00588  0.00606  0.00606
       11| -0.00527 -0.00527 -0.00516 -0.00491 -0.00453 -0.00406 -0.00349 -0.00285 -0.00215 -0.00142-0.000656  0.00012 0.000898  0.00166   0.0024   0.0031  0.00373  0.00428  0.00471  0.00501  0.00515  0.00515
       10| -0.00457 -0.00457 -0.00447 -0.00426 -0.00394 -0.00354 -0.00305 -0.00249 -0.00189 -0.00125-0.000579 0.000101 0.000782  0.00145  0.00209  0.00268  0.00322  0.00368  0.00403  0.00428  0.00439  0.00439
        9| -0.00398 -0.00398  -0.0039 -0.00372 -0.00345  -0.0031 -0.00267 -0.00219 -0.00166  -0.0011-0.000515 8.16e-05 0.000677  0.00126  0.00181  0.00233  0.00278  0.00317  0.00347  0.00368  0.00377  0.00377
        8|  -0.0035  -0.0035 -0.00342 -0.00327 -0.00303 -0.00273 -0.00236 -0.00194 -0.00147-0.000979-0.000463 6.23e-05 0.000586   0.0011  0.00158  0.00203  0.00242  0.00275  0.00301  0.00318  0.00326  0.00326
        7|  -0.0031  -0.0031 -0.00303  -0.0029 -0.00269 -0.00242  -0.0021 -0.00173 -0.00132-0.000879-0.000421 4.44e-05 0.000507 0.000957  0.00138  0.00177  0.00212   0.0024  0.00263  0.00278  0.00284  0.00284
        6| -0.00277 -0.00277 -0.00272  -0.0026 -0.00242 -0.00218 -0.00189 -0.00156 -0.00119-0.000797-0.000388 2.85e-05 0.000442 0.000843  0.00122  0.00157  0.00187  0.00212  0.00232  0.00245  0.00251  0.00251
        5| -0.00252 -0.00252 -0.00247 -0.00236 -0.00219 -0.00198 -0.00172 -0.00142 -0.00109-0.000732-0.000361 1.51e-05 0.000389  0.00075  0.00109   0.0014  0.00167   0.0019  0.00207  0.00219  0.00224  0.00224
        4| -0.00232 -0.00232 -0.00228 -0.00218 -0.00203 -0.00183 -0.00159 -0.00131 -0.00101-0.000682-0.000342 4.27e-06 0.000347 0.000679 0.000991  0.00127  0.00152  0.00173  0.00189  0.00199  0.00204  0.00204
        3| -0.00218 -0.00218 -0.00214 -0.00204  -0.0019 -0.00172  -0.0015 -0.00124-0.000952-0.000646-0.000328-3.75e-06 0.000317 0.000627 0.000918  0.00118  0.00141  0.00161  0.00175  0.00185   0.0019   0.0019
        2| -0.00209 -0.00209 -0.00205 -0.00196 -0.00183 -0.00165 -0.00144 -0.00119-0.000916-0.000623-0.000319-8.94e-06 0.000298 0.000594 0.000872  0.00112  0.00135  0.00153  0.00167  0.00176   0.0018   0.0018
        1| -0.00205 -0.00205 -0.00201 -0.00192 -0.00179 -0.00162 -0.00141 -0.00117  -0.0009-0.000613-0.000315-1.13e-05 0.000289 0.000579 0.000851   0.0011  0.00131  0.00149  0.00163  0.00172  0.00176  0.00176
        0| -0.00205 -0.00205 -0.00201 -0.00192 -0.00179 -0.00162 -0.00141 -0.00117  -0.0009-0.000613-0.000315-1.13e-05 0.000289 0.000579 0.000851   0.0011  0.00131  0.00149  0.00163  0.00172  0.00176  0.00176

