nCells: 20x20, dx: 0.1, dy: 0.1

p (22x22): 
         |        0        1        2        3        4        5        6        7        8        9       10       11       12       13       14       15       16       17       18       19       20       21
-------------------------------------------------------------------------------------------------------------------------------------------------------------------------------------------------------------------------
       21| -0.00854 -0.00854 -0.00302 -0.00193 -0.00171 -0.00172 -0.00184 -0.00204 -0.00233 -0.00271 -0.00322 -0.00388 -0.00474 -0.00587 -0.00724 -0.00853 -0.00864 -0.00379   0.0129   0.0528    0.115    0.115
       20| -0.00854 -0.00854 -0.00302 -0.00193 -0.00171 -0.00172 -0.00184 -0.00204 -0.00233 -0.00271 -0.00322 -0.00388 -0.00474 -0.00587 -0.00724 -0.00853 -0.00864 -0.00379   0.0129   0.0528    0.115    0.115
       19| -0.00449 -0.00449  -0.0038  -0.0031  -0.0027 -0.00252 -0.00251 -0.00261 -0.00282 -0.00315 -0.00362 -0.00426 -0.00511 -0.00627 -0.00777 -0.00945  -0.0107  -0.0101 -0.00252   0.0204   0.0566   0.0566
       18| -0.00326 -0.00326 -0.00308 -0.00276 -0.00256 -0.00249 -0.00253 -0.00267 -0.00291 -0.00327 -0.00378 -0.00447 -0.00541  -0.0067 -0.00842  -0.0105  -0.0122  -0.0125 -0.00951 0.000854   0.0167   0.0167
       17| -0.00256 -0.00256 -0.00252 -0.00241 -0.00234 -0.00234 -0.00243  -0.0026 -0.00288 -0.00328 -0.00384 -0.00462 -0.00569 -0.00721  -0.0093  -0.0119  -0.0144  -0.0155  -0.0141 -0.00922 -0.00222 -0.00222
       16| -0.00207 -0.00207 -0.00208 -0.00206 -0.00206 -0.00212 -0.00224 -0.00244 -0.00274 -0.00316 -0.00375 -0.00459  -0.0058 -0.00756  -0.0101  -0.0135  -0.0171  -0.0192  -0.0188  -0.0154   -0.011   -0.011
       15| -0.00166 -0.00166 -0.00169 -0.00171 -0.00175 -0.00184 -0.00198 -0.00219 -0.00249  -0.0029 -0.00348 -0.00432 -0.00556 -0.00747  -0.0104  -0.0144  -0.0189  -0.0219  -0.0216  -0.0177  -0.0138  -0.0138
       14| -0.00129 -0.00129 -0.00132 -0.00136 -0.00142 -0.00151 -0.00165 -0.00185 -0.00212  -0.0025 -0.00302 -0.00378 -0.00493 -0.00674 -0.00957  -0.0136  -0.0181  -0.0211  -0.0202  -0.0159  -0.0121  -0.0121
       13|-0.000935-0.000935-0.000968 -0.00101 -0.00107 -0.00116 -0.00128 -0.00144 -0.00167 -0.00197 -0.00239   -0.003 -0.00391 -0.00534 -0.00759  -0.0108  -0.0143  -0.0165  -0.0151  -0.0107 -0.00726 -0.00726
       12| -0.00059 -0.00059-0.000621-0.000657-0.000708-0.000777-0.000868-0.000989 -0.00115 -0.00136 -0.00164 -0.00204 -0.00263 -0.00353 -0.00491 -0.00683 -0.00885 -0.00979 -0.00793 -0.00395 -0.00115 -0.00115
       11|-0.000257-0.000257-0.000283-0.000311-0.000347-0.000391-0.000447-0.000517-0.000604-0.000714-0.000856 -0.00104  -0.0013 -0.00167  -0.0022 -0.00287 -0.00342  -0.0031-0.000999  0.00224  0.00421  0.00421
       10| 6.05e-05 6.05e-05 3.93e-05 2.18e-05 4.26e-06 -1.4e-05-3.27e-05-5.13e-05-6.86e-05-8.32e-05-9.28e-05-9.36e-05-7.97e-05-3.98e-05 5.07e-05 0.000257 0.000758  0.00192  0.00395  0.00631   0.0075   0.0075
        9| 0.000358 0.000358 0.000342 0.000335 0.000335 0.000343 0.000359 0.000388 0.000432 0.000499 0.000597 0.000739 0.000947  0.00125  0.00169  0.00235  0.00337  0.00475  0.00643  0.00794  0.00858  0.00858
        8| 0.000629 0.000629 0.000618 0.000622 0.000638 0.000669 0.000716 0.000784  0.00088  0.00101  0.00119  0.00143  0.00175   0.0022   0.0028  0.00362  0.00468  0.00591  0.00714  0.00803  0.00833  0.00833
        7| 0.000871 0.000871 0.000864 0.000876 0.000907 0.000957  0.00103  0.00113  0.00126  0.00144  0.00167  0.00197  0.00236  0.00286   0.0035   0.0043  0.00523   0.0062  0.00706  0.00759  0.00773  0.00773
        6|  0.00108  0.00108  0.00107  0.00109  0.00114   0.0012  0.00129  0.00142  0.00158  0.00179  0.00205  0.00238  0.00279   0.0033  0.00392  0.00463  0.00541  0.00616  0.00677  0.00713   0.0072   0.0072
        5|  0.00125  0.00125  0.00125  0.00127  0.00132   0.0014  0.00151  0.00165  0.00183  0.00206  0.00234  0.00268   0.0031  0.00359  0.00416  0.00478  0.00542  0.00602  0.00648  0.00674  0.00679  0.00679
        4|  0.00137  0.00137  0.00138  0.00141  0.00146  0.00155  0.00167  0.00182  0.00202  0.00226  0.00255   0.0029   0.0033  0.00377  0.00429  0.00484  0.00538  0.00587  0.00624  0.00645  0.00649  0.00649
        3|  0.00146  0.00146  0.00146   0.0015  0.00156  0.00165  0.00178  0.00194  0.00215   0.0024  0.00269  0.00304  0.00343  0.00388  0.00436  0.00485  0.00533  0.00575  0.00607  0.00625  0.00629  0.00629
        2|   0.0015   0.0015  0.00151  0.00155  0.00161  0.00171  0.00184  0.00201  0.00222  0.00247  0.00277  0.00312  0.00351  0.00394   0.0044  0.00486   0.0053  0.00568  0.00597  0.00613  0.00617  0.00617
        1|  0.00151  0.00151  0.00152  0.00155  0.00162  0.00172  0.00185  0.00203  0.00224   0.0025   0.0028  0.00315  0.00354  0.00397  0.00442  0.00487   0.0053  0.00567  0.00594   0.0061  0.00614  0.00614
        0|  0.00151  0.00151  0.00152  0.00155  0.00162  0.00172  0.00185  0.00203  0.00224   0.0025   0.0028  0.00315  0.00354  0.00397  0.00442  0.00487   0.0053  0.00567  0.00594   0.0061  0.00614  0.00614

