nCells: 20x20, dx: 0.1, dy: 0.1

p (22x22): 
         |        0        1        2        3        4        5        6        7        8        9       10       11       12       13       14       15       16       17       18       19       20       21
-------------------------------------------------------------------------------------------------------------------------------------------------------------------------------------------------------------------------
       21| -0.00852 -0.00852 -0.00306 -0.00204 -0.00187 -0.00192 -0.00208  -0.0023 -0.00261 -0.00301 -0.00352  -0.0042 -0.00512 -0.00637 -0.00807  -0.0101  -0.0116 -0.00838  0.00756   0.0481    0.111    0.111
       20| -0.00852 -0.00852 -0.00306 -0.00204 -0.00187 -0.00192 -0.00208  -0.0023 -0.00261 -0.00301 -0.00352  -0.0042 -0.00512 -0.00637 -0.00807  -0.0101  -0.0116 -0.00838  0.00756   0.0481    0.111    0.111
       19| -0.00448 -0.00448 -0.00383 -0.00319 -0.00283 -0.00269 -0.00271 -0.00283 -0.00306  -0.0034 -0.00387 -0.00452 -0.00541 -0.00667 -0.00846  -0.0109  -0.0137  -0.0152 -0.00888   0.0145   0.0518   0.0518
       18| -0.00321 -0.00321 -0.00305 -0.00278 -0.00263 -0.00259 -0.00265  -0.0028 -0.00305  -0.0034 -0.00389 -0.00457 -0.00552 -0.00687 -0.00886  -0.0117  -0.0154  -0.0185  -0.0176 -0.00698   0.0102   0.0102
       17| -0.00249 -0.00249 -0.00247 -0.00238 -0.00233 -0.00236 -0.00245 -0.00263 -0.00289 -0.00325 -0.00376 -0.00445 -0.00543  -0.0069 -0.00915  -0.0125  -0.0172  -0.0218  -0.0233  -0.0179 -0.00863 -0.00863
       16| -0.00199 -0.00199 -0.00201   -0.002 -0.00201 -0.00207 -0.00219 -0.00237 -0.00262 -0.00297 -0.00345 -0.00411 -0.00506  -0.0065 -0.00879  -0.0124  -0.0176   -0.023   -0.025  -0.0203  -0.0139  -0.0139
       15| -0.00158 -0.00158 -0.00162 -0.00164 -0.00168 -0.00175 -0.00187 -0.00204 -0.00226 -0.00257 -0.00298 -0.00354 -0.00435 -0.00556 -0.00751  -0.0106  -0.0151  -0.0195  -0.0206  -0.0162  -0.0112  -0.0112
       14| -0.00122 -0.00122 -0.00126 -0.00129 -0.00134 -0.00141 -0.00151 -0.00165 -0.00183 -0.00207 -0.00238 -0.00279 -0.00335 -0.00418 -0.00547 -0.00748  -0.0102  -0.0127  -0.0126 -0.00841 -0.00447 -0.00447
       13|-0.000893-0.000893-0.000926 -0.00096   -0.001 -0.00106 -0.00114 -0.00124 -0.00136 -0.00151  -0.0017 -0.00193 -0.00223 -0.00263 -0.00319   -0.004 -0.00495 -0.00546 -0.00408-0.000333  0.00262  0.00262
       12|-0.000585-0.000585-0.000614-0.000641-0.000672-0.000711-0.000757-0.000811-0.000871-0.000936   -0.001 -0.00107 -0.00112 -0.00116 -0.00116 -0.00107 -0.00078 0.000152  0.00218  0.00527  0.00736  0.00736
       11|-0.000297-0.000297 -0.00032-0.000338-0.000355-0.000372-0.000386-0.000396-0.000398-0.000385-0.000349-0.000275-0.000144 7.54e-05 0.000432    0.001  0.00194  0.00336  0.00533  0.00755   0.0089   0.0089
       10| -2.9e-05 -2.9e-05-4.71e-05 -5.6e-05-5.84e-05-5.33e-05-3.83e-05-9.26e-06 3.95e-05 0.000116 0.000233 0.000407 0.000662  0.00103  0.00156  0.00233  0.00338  0.00472  0.00624  0.00761  0.00839  0.00839
        9| 0.000216 0.000216 0.000203 0.000202 0.000214 0.000238 0.000278  0.00034 0.000429 0.000554 0.000727 0.000965  0.00129  0.00173  0.00231  0.00308  0.00402   0.0051  0.00616  0.00697  0.00736  0.00736
        8| 0.000435 0.000435 0.000426 0.000434 0.000457 0.000497 0.000558 0.000645 0.000763 0.000921  0.00113   0.0014  0.00176  0.00221  0.00277  0.00346  0.00424  0.00506  0.00579   0.0063   0.0065   0.0065
        7| 0.000627 0.000627 0.000622 0.000636 0.000668 0.000721 0.000798 0.000903  0.00104  0.00122  0.00145  0.00174  0.00209  0.00252  0.00304  0.00363  0.00426  0.00488  0.00541  0.00574  0.00585  0.00585
        6|  0.00079  0.00079 0.000787 0.000806 0.000846 0.000909 0.000997  0.00111  0.00127  0.00146  0.00169  0.00198  0.00232  0.00273  0.00319  0.00369   0.0042  0.00468  0.00507  0.00531  0.00538  0.00538
        5| 0.000921 0.000921 0.000921 0.000944  0.00099  0.00106  0.00116  0.00128  0.00144  0.00164  0.00188  0.00216  0.00248  0.00286  0.00326  0.00369  0.00412   0.0045   0.0048  0.00498  0.00503  0.00503
        4|  0.00102  0.00102  0.00102  0.00105   0.0011  0.00117  0.00128  0.00141  0.00157  0.00177  0.00201  0.00228  0.00259  0.00293   0.0033  0.00367  0.00403  0.00435   0.0046  0.00474  0.00479  0.00479
        3|  0.00109  0.00109  0.00109  0.00112  0.00117  0.00125  0.00136  0.00149  0.00166  0.00186   0.0021  0.00236  0.00266  0.00298  0.00332  0.00365  0.00397  0.00425  0.00446  0.00458  0.00462  0.00462
        2|  0.00112  0.00112  0.00113  0.00116  0.00121  0.00129   0.0014  0.00154  0.00171  0.00191  0.00215  0.00241   0.0027  0.00301  0.00333  0.00364  0.00394  0.00419  0.00438  0.00449  0.00452  0.00452
        1|  0.00113  0.00113  0.00113  0.00116  0.00122   0.0013  0.00141  0.00156  0.00173  0.00193  0.00217  0.00243  0.00272  0.00302  0.00334  0.00364  0.00393  0.00417  0.00435  0.00446   0.0045   0.0045
        0|  0.00113  0.00113  0.00113  0.00116  0.00122   0.0013  0.00141  0.00156  0.00173  0.00193  0.00217  0.00243  0.00272  0.00302  0.00334  0.00364  0.00393  0.00417  0.00435  0.00446   0.0045   0.0045

