nCells: 20x20, dx: 0.1, dy: 0.1

p (22x22): 
         |        0        1        2        3        4        5        6        7        8        9       10       11       12       13       14       15       16       17       18       19       20       21
-------------------------------------------------------------------------------------------------------------------------------------------------------------------------------------------------------------------------
       21|  -0.0245  -0.0245  -0.0189  -0.0167  -0.0145  -0.0123  -0.0102 -0.00821 -0.00636 -0.00462 -0.00296 -0.00134 0.000283  0.00194  0.00367  0.00558  0.00786    0.011   0.0162   0.0259   0.0433   0.0433
       20|  -0.0245  -0.0245  -0.0189  -0.0167  -0.0145  -0.0123  -0.0102 -0.00821 -0.00636 -0.00462 -0.00296 -0.00134 0.000283  0.00194  0.00367  0.00558  0.00786    0.011   0.0162   0.0259   0.0433   0.0433
       19|  -0.0183  -0.0183  -0.0172  -0.0155  -0.0135  -0.0116 -0.00962 -0.00779 -0.00605 -0.00438 -0.00277  -0.0012  0.00037  0.00197  0.00365  0.00547  0.00751     0.01   0.0135   0.0192   0.0273   0.0273
       18|  -0.0145  -0.0145   -0.014   -0.013  -0.0117  -0.0101 -0.00858 -0.00701 -0.00546 -0.00394 -0.00244 -0.00095 0.000557  0.00211  0.00375  0.00553  0.00753  0.00988   0.0128   0.0165   0.0199   0.0199
       17|  -0.0119  -0.0119  -0.0116  -0.0109 -0.00997  -0.0088 -0.00753  -0.0062 -0.00484 -0.00347  -0.0021-0.000708 0.000711  0.00218  0.00373  0.00539  0.00721  0.00925   0.0115   0.0138   0.0155   0.0155
       16| -0.00999 -0.00999 -0.00978 -0.00928 -0.00853 -0.00761 -0.00656 -0.00542 -0.00424 -0.00302 -0.00177-0.000499 0.000809  0.00216  0.00357  0.00506  0.00664   0.0083  0.00996   0.0114   0.0123   0.0123
       15| -0.00846 -0.00846  -0.0083 -0.00791 -0.00731 -0.00656 -0.00568 -0.00471 -0.00368  -0.0026 -0.00148 -0.00033 0.000854  0.00207  0.00333  0.00463  0.00595  0.00726  0.00848  0.00946  0.00998  0.00998
       14| -0.00721 -0.00721 -0.00708 -0.00676 -0.00627 -0.00565 -0.00491 -0.00408 -0.00318 -0.00222 -0.00123-0.000201 0.000857  0.00194  0.00304  0.00415  0.00524  0.00628  0.00719  0.00787  0.00821  0.00821
       13| -0.00617 -0.00617 -0.00606  -0.0058 -0.00539 -0.00487 -0.00424 -0.00352 -0.00274  -0.0019 -0.00102-0.000106 0.000829  0.00178  0.00273  0.00367  0.00457   0.0054   0.0061  0.00659  0.00683  0.00683
       12|  -0.0053  -0.0053 -0.00521 -0.00499 -0.00465  -0.0042 -0.00366 -0.00304 -0.00235 -0.00162-0.000844-4.09e-05  0.00078  0.00161  0.00243  0.00322  0.00397  0.00463  0.00518  0.00555  0.00573  0.00573
       11| -0.00458 -0.00458  -0.0045 -0.00431 -0.00402 -0.00363 -0.00316 -0.00262 -0.00203 -0.00138-0.000702 2.23e-06  0.00072  0.00144  0.00214  0.00281  0.00344  0.00398  0.00441  0.00471  0.00484  0.00484
       10| -0.00397 -0.00397  -0.0039 -0.00373 -0.00348 -0.00315 -0.00274 -0.00227 -0.00175 -0.00118-0.000588 2.87e-05 0.000655  0.00128  0.00188  0.00245  0.00297  0.00342  0.00377  0.00401  0.00412  0.00412
        9| -0.00346 -0.00346  -0.0034 -0.00325 -0.00304 -0.00274 -0.00239 -0.00198 -0.00152 -0.00102-0.000498 4.34e-05  0.00059  0.00113  0.00165  0.00214  0.00258  0.00295  0.00325  0.00344  0.00353  0.00353
        8| -0.00303 -0.00303 -0.00298 -0.00285 -0.00266 -0.00241 -0.00209 -0.00173 -0.00133-0.000888-0.000426    5e-05  0.00053    0.001  0.00145  0.00188  0.00225  0.00257  0.00281  0.00297  0.00305  0.00305
        7| -0.00268 -0.00268 -0.00264 -0.00253 -0.00236 -0.00213 -0.00185 -0.00153 -0.00117 -0.00078 -0.00037 5.16e-05 0.000475  0.00089  0.00129  0.00165  0.00198  0.00225  0.00246  0.00259  0.00266  0.00266
        6|  -0.0024  -0.0024 -0.00236 -0.00226 -0.00211  -0.0019 -0.00165 -0.00136 -0.00104-0.000693-0.000327 5.02e-05 0.000428 0.000796  0.00115  0.00147  0.00175  0.00199  0.00217  0.00229  0.00234  0.00234
        5| -0.00218 -0.00218 -0.00214 -0.00205 -0.00191 -0.00172  -0.0015 -0.00124-0.000942-0.000626-0.000293 4.74e-05 0.000388  0.00072  0.00103  0.00132  0.00158  0.00179  0.00195  0.00205   0.0021   0.0021
        4|   -0.002   -0.002 -0.00197 -0.00189 -0.00176 -0.00159 -0.00138 -0.00114-0.000867-0.000575-0.000269 4.43e-05 0.000357 0.000661 0.000948  0.00121  0.00144  0.00163  0.00178  0.00187  0.00191  0.00191
        3| -0.00188 -0.00188 -0.00185 -0.00177 -0.00165 -0.00149 -0.00129 -0.00107-0.000813-0.000539-0.000252 4.16e-05 0.000334 0.000618 0.000885  0.00113  0.00134  0.00152  0.00165  0.00174  0.00178  0.00178
        2| -0.00181 -0.00181 -0.00177  -0.0017 -0.00158 -0.00143 -0.00124 -0.00102-0.000779-0.000516-0.000241 3.99e-05  0.00032 0.000591 0.000846  0.00108  0.00128  0.00145  0.00158  0.00166   0.0017   0.0017
        1| -0.00177 -0.00177 -0.00174 -0.00167 -0.00155  -0.0014 -0.00122   -0.001-0.000764-0.000507-0.000237 3.92e-05 0.000314  0.00058  0.00083  0.00106  0.00126  0.00142  0.00155  0.00163  0.00166  0.00166
        0| -0.00177 -0.00177 -0.00174 -0.00167 -0.00155  -0.0014 -0.00122   -0.001-0.000764-0.000507-0.000237 3.92e-05 0.000314  0.00058  0.00083  0.00106  0.00126  0.00142  0.00155  0.00163  0.00166  0.00166

