nCells: 20x20, dx: 0.1, dy: 0.1

p (22x22): 
         |        0        1        2        3        4        5        6        7        8        9       10       11       12       13       14       15       16       17       18       19       20       21
-------------------------------------------------------------------------------------------------------------------------------------------------------------------------------------------------------------------------
       21| -0.00855 -0.00855 -0.00305 -0.00198 -0.00177  -0.0018 -0.00193 -0.00214 -0.00243 -0.00282 -0.00333 -0.00401  -0.0049 -0.00607 -0.00754 -0.00905 -0.00951   -0.005   0.0116   0.0517    0.114    0.114
       20| -0.00855 -0.00855 -0.00305 -0.00198 -0.00177  -0.0018 -0.00193 -0.00214 -0.00243 -0.00282 -0.00333 -0.00401  -0.0049 -0.00607 -0.00754 -0.00905 -0.00951   -0.005   0.0116   0.0517    0.114    0.114
       19|  -0.0045  -0.0045 -0.00382 -0.00314 -0.00275 -0.00259 -0.00259 -0.00269 -0.00291 -0.00325 -0.00372 -0.00437 -0.00524 -0.00644 -0.00804 -0.00996  -0.0116  -0.0115 -0.00403   0.0191   0.0554   0.0554
       18| -0.00326 -0.00326 -0.00308 -0.00278  -0.0026 -0.00254 -0.00259 -0.00273 -0.00297 -0.00334 -0.00384 -0.00454  -0.0055 -0.00682 -0.00865   -0.011  -0.0132  -0.0142  -0.0114-0.000932   0.0152   0.0152
       17| -0.00255 -0.00255 -0.00252 -0.00241 -0.00235 -0.00236 -0.00245 -0.00263  -0.0029  -0.0033 -0.00384  -0.0046 -0.00568 -0.00721 -0.00941  -0.0123  -0.0155  -0.0175  -0.0166  -0.0116 -0.00406 -0.00406
       16| -0.00206 -0.00206 -0.00207 -0.00205 -0.00206 -0.00212 -0.00224 -0.00244 -0.00273 -0.00313 -0.00369 -0.00448 -0.00563 -0.00736 -0.00993  -0.0136  -0.0179  -0.0211  -0.0213  -0.0175  -0.0124  -0.0124
       15| -0.00165 -0.00165 -0.00168  -0.0017 -0.00174 -0.00182 -0.00196 -0.00216 -0.00244 -0.00282 -0.00335 -0.00411 -0.00524 -0.00698 -0.00972  -0.0138  -0.0187  -0.0225  -0.0225  -0.0184   -0.014   -0.014
       14| -0.00128 -0.00128 -0.00131 -0.00135  -0.0014 -0.00149 -0.00162  -0.0018 -0.00204 -0.00238 -0.00283 -0.00349 -0.00446 -0.00597  -0.0084   -0.012  -0.0164  -0.0197  -0.0192  -0.0148  -0.0108  -0.0108
       13|-0.000927-0.000927-0.000961-0.000999 -0.00105 -0.00113 -0.00124 -0.00138 -0.00157 -0.00183 -0.00217 -0.00265 -0.00335 -0.00443 -0.00614 -0.00866  -0.0116  -0.0136  -0.0125 -0.00823 -0.00483 -0.00483
       12|-0.000592-0.000592-0.000622-0.000655  -0.0007-0.000759-0.000835-0.000933 -0.00106 -0.00122 -0.00143 -0.00171  -0.0021 -0.00267 -0.00352 -0.00472 -0.00602 -0.00654 -0.00477 -0.00105  0.00152  0.00152
       11|-0.000271-0.000271-0.000297-0.000321 -0.00035-0.000385-0.000426-0.000475-0.000531-0.000596-0.000671-0.000758-0.000861-0.000986 -0.00114 -0.00128 -0.00124 -0.00048  0.00157  0.00452  0.00625  0.00625
       10| 3.21e-05 3.21e-05 1.21e-05-2.11e-06-1.39e-05-2.35e-05-2.96e-05-3.02e-05-2.22e-05-9.78e-07 4.02e-05 0.000112  0.00023  0.00042 0.000722  0.00121  0.00205  0.00339  0.00532  0.00739  0.00844  0.00844
        9| 0.000314 0.000314 0.000299 0.000295   0.0003 0.000315 0.000341 0.000383 0.000446 0.000538  0.00067 0.000857  0.00112   0.0015  0.00204   0.0028  0.00387  0.00522  0.00673  0.00802   0.0086   0.0086
        8| 0.000571 0.000571  0.00056 0.000566 0.000586 0.000621 0.000675 0.000752 0.000859    0.001   0.0012  0.00146  0.00181  0.00228   0.0029  0.00371  0.00471  0.00582  0.00689  0.00765  0.00793  0.00793
        7| 0.000798 0.000798 0.000791 0.000805 0.000837  0.00089 0.000966  0.00107  0.00121  0.00139  0.00163  0.00193  0.00232  0.00282  0.00343  0.00418  0.00502  0.00588  0.00662   0.0071  0.00724  0.00724
        6| 0.000991 0.000991 0.000988  0.00101  0.00105  0.00112  0.00121  0.00134   0.0015  0.00171  0.00197  0.00229  0.00269  0.00317  0.00374  0.00439  0.00508  0.00575  0.00629  0.00661  0.00669  0.00669
        5|  0.00115  0.00115  0.00115  0.00117  0.00122   0.0013  0.00141  0.00155  0.00173  0.00195  0.00222  0.00255  0.00294   0.0034  0.00392  0.00448  0.00505  0.00558  0.00599  0.00623  0.00629  0.00629
        4|  0.00127  0.00127  0.00127   0.0013  0.00136  0.00144  0.00156  0.00171  0.00189  0.00212   0.0024  0.00273  0.00311  0.00354  0.00401   0.0045  0.00499  0.00542  0.00575  0.00594  0.00599  0.00599
        3|  0.00135  0.00135  0.00135  0.00139  0.00145  0.00154  0.00166  0.00182  0.00201  0.00225  0.00253  0.00285  0.00322  0.00362  0.00406   0.0045  0.00493   0.0053  0.00559  0.00575  0.00579  0.00579
        2|  0.00139  0.00139   0.0014  0.00143  0.00149  0.00159  0.00172  0.00188  0.00208  0.00232   0.0026  0.00292  0.00328  0.00367  0.00409   0.0045   0.0049  0.00523  0.00549  0.00564  0.00568  0.00568
        1|   0.0014   0.0014   0.0014  0.00144   0.0015   0.0016  0.00173  0.00189   0.0021  0.00234  0.00262  0.00295  0.00331   0.0037   0.0041  0.00451  0.00489  0.00522  0.00546   0.0056  0.00564  0.00564
        0|   0.0014   0.0014   0.0014  0.00144   0.0015   0.0016  0.00173  0.00189   0.0021  0.00234  0.00262  0.00295  0.00331   0.0037   0.0041  0.00451  0.00489  0.00522  0.00546   0.0056  0.00564  0.00564

