nCells: 20x20, dx: 0.1, dy: 0.1

p (22x22): 
         |        0        1        2        3        4        5        6        7        8        9       10       11       12       13       14       15       16       17       18       19       20       21
-------------------------------------------------------------------------------------------------------------------------------------------------------------------------------------------------------------------------
       21| -0.00848 -0.00848 -0.00312  -0.0023  -0.0023  -0.0025 -0.00279 -0.00312 -0.00351 -0.00393 -0.00441 -0.00497 -0.00564 -0.00655  -0.0079 -0.00995  -0.0129  -0.0137 -0.00243   0.0344   0.0951   0.0951
       20| -0.00848 -0.00848 -0.00312  -0.0023  -0.0023  -0.0025 -0.00279 -0.00312 -0.00351 -0.00393 -0.00441 -0.00497 -0.00564 -0.00655  -0.0079 -0.00995  -0.0129  -0.0137 -0.00243   0.0344   0.0951   0.0951
       19| -0.00457 -0.00457 -0.00397 -0.00347 -0.00324 -0.00322 -0.00334 -0.00354 -0.00381 -0.00414 -0.00453   -0.005 -0.00559  -0.0064 -0.00766 -0.00979  -0.0136   -0.019  -0.0179  0.00199   0.0378   0.0378
       18| -0.00327 -0.00327 -0.00316 -0.00299 -0.00293 -0.00297 -0.00309 -0.00327  -0.0035 -0.00378 -0.00412 -0.00453 -0.00505 -0.00577  -0.0069 -0.00885  -0.0123  -0.0176  -0.0208  -0.0114  0.00654  0.00654
       17| -0.00255 -0.00255 -0.00256 -0.00253 -0.00254  -0.0026 -0.00272 -0.00287 -0.00306 -0.00329 -0.00356 -0.00388 -0.00429 -0.00484 -0.00566 -0.00697 -0.00913  -0.0121  -0.0137 -0.00792  0.00146  0.00146
       16| -0.00206 -0.00206  -0.0021 -0.00212 -0.00216 -0.00223 -0.00233 -0.00245 -0.00259 -0.00276 -0.00294 -0.00315  -0.0034 -0.00369 -0.00407 -0.00457  -0.0052 -0.00568 -0.00466-2.58e-05  0.00537  0.00537
       15| -0.00168 -0.00168 -0.00173 -0.00177 -0.00181 -0.00187 -0.00195 -0.00203 -0.00213 -0.00222 -0.00232 -0.00241 -0.00248 -0.00252  -0.0025 -0.00235 -0.00192-0.000861  0.00134   0.0051  0.00844  0.00844
       14| -0.00137 -0.00137 -0.00141 -0.00145 -0.00149 -0.00154 -0.00158 -0.00163 -0.00168 -0.00171 -0.00173 -0.00171 -0.00163 -0.00148 -0.00118-0.000649 0.000261  0.00172  0.00385  0.00644   0.0084   0.0084
       13|  -0.0011  -0.0011 -0.00113 -0.00117  -0.0012 -0.00122 -0.00125 -0.00126 -0.00127 -0.00125 -0.00119 -0.00109-0.000912 -0.00063-0.000189 0.000481  0.00145  0.00277  0.00437  0.00594  0.00697  0.00697
       12|-0.000857-0.000857-0.000889-0.000912 -0.00093-0.000942-0.000943-0.000931-0.000897-0.000834-0.000731-0.000571-0.000334 7.57e-06 0.000492  0.00115  0.00201  0.00305  0.00415  0.00508  0.00559  0.00559
       11|-0.000645-0.000645 -0.00067-0.000686-0.000693-0.000689-0.000672-0.000636-0.000576-0.000483-0.000347-0.000155 0.000108 0.000462 0.000928  0.00151  0.00222  0.00299  0.00374  0.00431  0.00457  0.00457
       10|-0.000457-0.000457-0.000477-0.000486-0.000483-0.000468-0.000435-0.000382-0.000303-0.000191-3.77e-05 0.000167 0.000433 0.000772  0.00119  0.00169  0.00224  0.00282  0.00333  0.00369  0.00384  0.00384
        9|-0.000293-0.000293-0.000309-0.000311-0.000301-0.000276-0.000233-0.000168-7.67e-05 4.58e-05 0.000206  0.00041 0.000665 0.000974  0.00134  0.00175  0.00219  0.00261  0.00298  0.00322   0.0033   0.0033
        8|-0.000151-0.000151-0.000163-0.000161-0.000145-0.000113-6.19e-05 1.04e-05 0.000108 0.000234 0.000394  0.00059 0.000827   0.0011  0.00141  0.00175   0.0021  0.00242  0.00268  0.00285   0.0029   0.0029
        7|-3.08e-05-3.08e-05-4.05e-05 -3.5e-05-1.43e-05  2.3e-05 7.88e-05 0.000155 0.000256 0.000382 0.000537 0.000722 0.000937  0.00118  0.00145  0.00173    0.002  0.00225  0.00245  0.00257  0.00261  0.00261
        6| 6.79e-05 6.79e-05 6.05e-05 6.87e-05 9.26e-05 0.000133 0.000192 0.000271 0.000371 0.000495 0.000643 0.000816  0.00101  0.00123  0.00146  0.00169  0.00191  0.00211  0.00226  0.00236  0.00238  0.00238
        5| 0.000146 0.000146  0.00014 0.000151 0.000177 0.000219  0.00028  0.00036 0.000459  0.00058 0.000721 0.000882  0.00106  0.00125  0.00146  0.00165  0.00184    0.002  0.00213   0.0022  0.00222  0.00222
        4| 0.000203 0.000203 0.000199 0.000211 0.000239 0.000283 0.000345 0.000425 0.000524 0.000641 0.000776 0.000928  0.00109  0.00127  0.00145  0.00162  0.00178  0.00192  0.00202  0.00209   0.0021   0.0021
        3| 0.000241 0.000241 0.000238 0.000251  0.00028 0.000326 0.000389 0.000469 0.000567 0.000682 0.000813 0.000959  0.00112  0.00128  0.00144   0.0016  0.00175  0.00187  0.00196  0.00201  0.00202  0.00202
        2| 0.000259 0.000259 0.000257 0.000271 0.000301 0.000348 0.000412 0.000493 0.000591 0.000706 0.000835 0.000977  0.00113  0.00129  0.00144  0.00159  0.00173  0.00184  0.00192  0.00197  0.00198  0.00198
        1| 0.000258 0.000258 0.000256 0.000271 0.000302  0.00035 0.000415 0.000498 0.000598 0.000713 0.000843 0.000985  0.00114  0.00129  0.00145  0.00159  0.00172  0.00183  0.00191  0.00196  0.00197  0.00197
        0| 0.000258 0.000258 0.000256 0.000271 0.000302  0.00035 0.000415 0.000498 0.000598 0.000713 0.000843 0.000985  0.00114  0.00129  0.00145  0.00159  0.00172  0.00183  0.00191  0.00196  0.00197  0.00197

