nCells: 20x20, dx: 0.1, dy: 0.1

p (22x22): 
         |        0        1        2        3        4        5        6        7        8        9       10       11       12       13       14       15       16       17       18       19       20       21
-------------------------------------------------------------------------------------------------------------------------------------------------------------------------------------------------------------------------
       21|   -0.036   -0.036  -0.0262  -0.0202   -0.016  -0.0127 -0.00989 -0.00748 -0.00528 -0.00323 -0.00125 0.000708  0.00269  0.00474  0.00693  0.00934   0.0121   0.0154   0.0197   0.0259   0.0361   0.0361
       20|   -0.036   -0.036  -0.0262  -0.0202   -0.016  -0.0127 -0.00989 -0.00748 -0.00528 -0.00323 -0.00125 0.000708  0.00269  0.00474  0.00693  0.00934   0.0121   0.0154   0.0197   0.0259   0.0361   0.0361
       19|  -0.0262  -0.0262  -0.0224  -0.0184   -0.015  -0.0121 -0.00955 -0.00725 -0.00514 -0.00315 -0.00122 0.000688  0.00262  0.00461  0.00672  0.00901   0.0116   0.0145   0.0179    0.022    0.026    0.026
       18|  -0.0204  -0.0204  -0.0186  -0.0161  -0.0136  -0.0112 -0.00893 -0.00685 -0.00488   -0.003 -0.00117 0.000651  0.00248  0.00437  0.00633  0.00842   0.0107   0.0131   0.0157   0.0182   0.0201   0.0201
       17|  -0.0165  -0.0165  -0.0155  -0.0139   -0.012  -0.0101 -0.00816 -0.00632 -0.00454 -0.00281  -0.0011 0.000598  0.00231  0.00404  0.00583  0.00768  0.00959   0.0115   0.0134   0.0151   0.0161   0.0161
       16|  -0.0136  -0.0136   -0.013  -0.0119  -0.0105 -0.00893 -0.00734 -0.00574 -0.00415 -0.00258 -0.00102 0.000534   0.0021  0.00367  0.00526  0.00687  0.00847     0.01   0.0114   0.0126   0.0132   0.0132
       15|  -0.0114  -0.0114   -0.011  -0.0101 -0.00908 -0.00785 -0.00652 -0.00515 -0.00375 -0.00235-0.000942 0.000465  0.00187  0.00328  0.00468  0.00606   0.0074  0.00865  0.00973   0.0106    0.011    0.011
       14| -0.00963 -0.00963 -0.00931  -0.0087 -0.00786 -0.00686 -0.00575 -0.00457 -0.00336 -0.00211-0.000862 0.000395  0.00165  0.00289  0.00412   0.0053  0.00642  0.00743  0.00828   0.0089  0.00922  0.00922
       13|  -0.0082  -0.0082 -0.00795 -0.00747  -0.0068 -0.00598 -0.00505 -0.00404 -0.00298 -0.00189-0.000786 0.000327  0.00144  0.00253  0.00359  0.00461  0.00554  0.00637  0.00705  0.00753  0.00778  0.00778
       12| -0.00702 -0.00702 -0.00683 -0.00644 -0.00589 -0.00521 -0.00443 -0.00356 -0.00265 -0.00169-0.000717 0.000264  0.00124   0.0022  0.00312  0.00399  0.00478  0.00546  0.00602  0.00641   0.0066   0.0066
       11| -0.00605 -0.00605 -0.00589 -0.00557 -0.00512 -0.00455 -0.00388 -0.00314 -0.00234 -0.00151-0.000655 0.000207  0.00106   0.0019   0.0027  0.00344  0.00411  0.00469  0.00515  0.00547  0.00563  0.00563
       10| -0.00524 -0.00524 -0.00511 -0.00485 -0.00447 -0.00398 -0.00341 -0.00277 -0.00208 -0.00135  -0.0006 0.000156 0.000906  0.00164  0.00233  0.00297  0.00355  0.00403  0.00442  0.00468  0.00482  0.00482
        9| -0.00457 -0.00457 -0.00446 -0.00424 -0.00391  -0.0035 -0.00301 -0.00245 -0.00185 -0.00121-0.000553 0.000111 0.000769  0.00141  0.00201  0.00257  0.00306  0.00348  0.00381  0.00403  0.00415  0.00415
        8| -0.00402 -0.00402 -0.00392 -0.00373 -0.00345 -0.00309 -0.00267 -0.00218 -0.00165 -0.00109-0.000513  7.3e-05 0.000653  0.00121  0.00174  0.00223  0.00266  0.00302   0.0033  0.00349  0.00359  0.00359
        7| -0.00356 -0.00356 -0.00348 -0.00332 -0.00307 -0.00276 -0.00238 -0.00195 -0.00149-0.000992-0.000479 4.06e-05 0.000554  0.00105  0.00152  0.00195  0.00232  0.00264  0.00288  0.00305  0.00313  0.00313
        6|  -0.0032  -0.0032 -0.00312 -0.00298 -0.00276 -0.00248 -0.00215 -0.00177 -0.00135 -0.00091-0.000451 1.37e-05 0.000473 0.000917  0.00133  0.00171  0.00205  0.00233  0.00254  0.00269  0.00276  0.00276
        5|  -0.0029  -0.0029 -0.00284 -0.00271 -0.00251 -0.00226 -0.00196 -0.00162 -0.00124-0.000844-0.000428-7.94e-06 0.000408 0.000809  0.00119  0.00153  0.00183  0.00208  0.00227  0.00241  0.00247  0.00247
        4| -0.00268 -0.00268 -0.00262  -0.0025 -0.00232 -0.00209 -0.00182  -0.0015 -0.00116-0.000792-0.000411-2.48e-05 0.000357 0.000725  0.00107  0.00138  0.00166  0.00189  0.00207  0.00219  0.00225  0.00225
        3| -0.00251 -0.00251 -0.00246 -0.00235 -0.00218 -0.00197 -0.00171 -0.00142  -0.0011-0.000755-0.000398-3.71e-05  0.00032 0.000664 0.000986  0.00128  0.00154  0.00175  0.00191  0.00203  0.00208  0.00208
        2| -0.00241 -0.00241 -0.00236 -0.00225 -0.00209 -0.00189 -0.00165 -0.00137 -0.00106-0.000731 -0.00039-4.51e-05 0.000296 0.000624 0.000932  0.00121  0.00146  0.00166  0.00182  0.00192  0.00198  0.00198
        1| -0.00236 -0.00236 -0.00231  -0.0022 -0.00205 -0.00185 -0.00161 -0.00134 -0.00104-0.000719-0.000386 -4.9e-05 0.000284 0.000605 0.000905  0.00118  0.00142  0.00162  0.00177  0.00187  0.00192  0.00192
        0| -0.00236 -0.00236 -0.00231  -0.0022 -0.00205 -0.00185 -0.00161 -0.00134 -0.00104-0.000719-0.000386 -4.9e-05 0.000284 0.000605 0.000905  0.00118  0.00142  0.00162  0.00177  0.00187  0.00192  0.00192

