nCells: 20x20, dx: 0.1, dy: 0.1

p (22x22): 
         |        0        1        2        3        4        5        6        7        8        9       10       11       12       13       14       15       16       17       18       19       20       21
-------------------------------------------------------------------------------------------------------------------------------------------------------------------------------------------------------------------------
       21| -0.00854 -0.00854 -0.00306 -0.00202 -0.00184 -0.00188 -0.00202 -0.00224 -0.00254 -0.00294 -0.00346 -0.00414 -0.00505 -0.00627 -0.00788 -0.00968  -0.0107 -0.00679  0.00955   0.0499    0.113    0.113
       20| -0.00854 -0.00854 -0.00306 -0.00202 -0.00184 -0.00188 -0.00202 -0.00224 -0.00254 -0.00294 -0.00346 -0.00414 -0.00505 -0.00627 -0.00788 -0.00968  -0.0107 -0.00679  0.00955   0.0499    0.113    0.113
       19|  -0.0045  -0.0045 -0.00383 -0.00318  -0.0028 -0.00265 -0.00267 -0.00278 -0.00301 -0.00335 -0.00383 -0.00448 -0.00537 -0.00661 -0.00832  -0.0105  -0.0128  -0.0135 -0.00646   0.0168   0.0536   0.0536
       18| -0.00324 -0.00324 -0.00307 -0.00279 -0.00262 -0.00257 -0.00263 -0.00278 -0.00303 -0.00339 -0.00389 -0.00458 -0.00554  -0.0069 -0.00884  -0.0115  -0.0145  -0.0165  -0.0146 -0.00394   0.0126   0.0126
       17| -0.00252 -0.00252  -0.0025  -0.0024 -0.00235 -0.00237 -0.00246 -0.00264 -0.00291 -0.00329 -0.00381 -0.00454 -0.00558 -0.00711 -0.00936  -0.0126  -0.0167  -0.0201  -0.0203  -0.0151 -0.00666 -0.00666
       16| -0.00202 -0.00202 -0.00204 -0.00203 -0.00204  -0.0021 -0.00222 -0.00241 -0.00268 -0.00306 -0.00357  -0.0043 -0.00534 -0.00693 -0.00942  -0.0132  -0.0182  -0.0228   -0.024  -0.0196  -0.0137  -0.0137
       15| -0.00162 -0.00162 -0.00165 -0.00167 -0.00171 -0.00179 -0.00192  -0.0021 -0.00235 -0.00269 -0.00316 -0.00381 -0.00476 -0.00622 -0.00857  -0.0123  -0.0172  -0.0216  -0.0224   -0.018  -0.0131  -0.0131
       14| -0.00125 -0.00125 -0.00129 -0.00132 -0.00137 -0.00145 -0.00157 -0.00172 -0.00193 -0.00221 -0.00258 -0.00309 -0.00383 -0.00495 -0.00675 -0.00955  -0.0132  -0.0163  -0.0162  -0.0119 -0.00784 -0.00784
       13|-0.000911-0.000911-0.000944 -0.00098 -0.00103  -0.0011 -0.00118  -0.0013 -0.00145 -0.00165  -0.0019 -0.00223 -0.00269 -0.00336 -0.00438  -0.0059 -0.00779 -0.00913   -0.008 -0.00403 -0.00087 -0.00087
       12| -0.00059 -0.00059-0.000619-0.000649-0.000686-0.000733-0.000791-0.000863 -0.00095 -0.00105 -0.00118 -0.00132  -0.0015 -0.00174 -0.00205 -0.00243 -0.00276 -0.00246-0.000599  0.00277  0.00504  0.00504
       11|-0.000287-0.000287-0.000311-0.000331-0.000353-0.000377-0.000402-0.000427 -0.00045-0.000467-0.000472-0.000458 -0.00041-0.000309-0.000119 0.000224 0.000871  0.00212  0.00417  0.00673  0.00824  0.00824
       10|-2.47e-06-2.47e-06-2.12e-05-3.21e-05-3.79e-05-3.83e-05-3.12e-05-1.31e-05 2.08e-05 7.78e-05 0.000168 0.000308 0.000518 0.000833   0.0013  0.00199  0.00304  0.00445  0.00619  0.00788  0.00879  0.00879
        9| 0.000259 0.000259 0.000245 0.000244 0.000253 0.000274  0.00031 0.000365 0.000445  0.00056 0.000721 0.000945  0.00126  0.00168  0.00227  0.00306  0.00409  0.00531  0.00657  0.00758  0.00807  0.00807
        8| 0.000495 0.000495 0.000486 0.000493 0.000515 0.000555 0.000614 0.000698 0.000814 0.000971  0.00118  0.00145  0.00181  0.00228  0.00288  0.00363  0.00452  0.00546  0.00634  0.00694  0.00719  0.00719
        7| 0.000703 0.000703 0.000697 0.000712 0.000745 0.000799 0.000877 0.000983  0.00112  0.00131  0.00154  0.00184  0.00222  0.00268  0.00325  0.00391  0.00463  0.00535  0.00597  0.00636  0.00649  0.00649
        6| 0.000879 0.000879 0.000877 0.000897 0.000939    0.001   0.0011  0.00122  0.00138  0.00158  0.00183  0.00213   0.0025  0.00294  0.00346  0.00402  0.00461  0.00517  0.00562   0.0059  0.00598  0.00598
        5|  0.00102  0.00102  0.00102  0.00105   0.0011  0.00117  0.00127   0.0014  0.00157  0.00178  0.00204  0.00234   0.0027  0.00311  0.00357  0.00405  0.00454  0.00498  0.00533  0.00554   0.0056   0.0056
        4|  0.00113  0.00113  0.00113  0.00116  0.00122   0.0013   0.0014  0.00155  0.00172  0.00193  0.00219  0.00249  0.00283  0.00321  0.00362  0.00405  0.00446  0.00483  0.00511  0.00528  0.00532  0.00532
        3|  0.00121  0.00121  0.00121  0.00124   0.0013  0.00138   0.0015  0.00164  0.00182  0.00204  0.00229  0.00259  0.00291  0.00327  0.00365  0.00404   0.0044  0.00472  0.00496   0.0051  0.00514  0.00514
        2|  0.00124  0.00124  0.00125  0.00128  0.00134  0.00143  0.00155   0.0017  0.00188   0.0021  0.00235  0.00264  0.00296  0.00331  0.00367  0.00403  0.00436  0.00465  0.00487    0.005  0.00503  0.00503
        1|  0.00125  0.00125  0.00126  0.00129  0.00135  0.00144  0.00156  0.00171   0.0019  0.00212  0.00237  0.00266  0.00298  0.00333  0.00368  0.00403  0.00436  0.00463  0.00484  0.00497    0.005    0.005
        0|  0.00125  0.00125  0.00126  0.00129  0.00135  0.00144  0.00156  0.00171   0.0019  0.00212  0.00237  0.00266  0.00298  0.00333  0.00368  0.00403  0.00436  0.00463  0.00484  0.00497    0.005    0.005

