nCells: 20x20, dx: 0.1, dy: 0.1

p (22x22): 
         |        0        1        2        3        4        5        6        7        8        9       10       11       12       13       14       15       16       17       18       19       20       21
-------------------------------------------------------------------------------------------------------------------------------------------------------------------------------------------------------------------------
       21|  -0.0347  -0.0347  -0.0254  -0.0197  -0.0157  -0.0125 -0.00977 -0.00742 -0.00528 -0.00328 -0.00135 0.000545  0.00246  0.00445  0.00657  0.00891   0.0116   0.0149   0.0192   0.0255   0.0363   0.0363
       20|  -0.0347  -0.0347  -0.0254  -0.0197  -0.0157  -0.0125 -0.00977 -0.00742 -0.00528 -0.00328 -0.00135 0.000545  0.00246  0.00445  0.00657  0.00891   0.0116   0.0149   0.0192   0.0255   0.0363   0.0363
       19|  -0.0252  -0.0252  -0.0218   -0.018  -0.0147  -0.0119 -0.00941 -0.00718 -0.00513 -0.00319 -0.00131 0.000536  0.00241  0.00434  0.00638   0.0086   0.0111    0.014   0.0174   0.0215   0.0258   0.0258
       18|  -0.0196  -0.0196   -0.018  -0.0157  -0.0132  -0.0109 -0.00877 -0.00676 -0.00485 -0.00302 -0.00124 0.000522   0.0023  0.00413  0.00604  0.00808   0.0103   0.0127   0.0153   0.0179   0.0198   0.0198
       17|  -0.0158  -0.0158  -0.0149  -0.0134  -0.0117 -0.00982 -0.00799 -0.00622 -0.00449 -0.00281 -0.00116 0.000491  0.00215  0.00384  0.00558  0.00739  0.00927   0.0112   0.0131   0.0148   0.0158   0.0158
       16|  -0.0131  -0.0131  -0.0125  -0.0115  -0.0102 -0.00869 -0.00717 -0.00563  -0.0041 -0.00257 -0.00106 0.000449  0.00197   0.0035  0.00505  0.00663   0.0082  0.00974   0.0112   0.0123   0.0129   0.0129
       15|   -0.011   -0.011  -0.0106 -0.00981  -0.0088 -0.00763 -0.00635 -0.00503 -0.00369 -0.00233-0.000967 0.000398  0.00177  0.00314  0.00451  0.00586  0.00717   0.0084  0.00948   0.0103   0.0107   0.0107
       14| -0.00927 -0.00927 -0.00897  -0.0084 -0.00761 -0.00666 -0.00559 -0.00446 -0.00329 -0.00209-0.000876 0.000344  0.00156  0.00278  0.00397  0.00513  0.00623  0.00722  0.00806  0.00867  0.00898  0.00898
       13| -0.00789 -0.00789 -0.00766 -0.00721 -0.00658  -0.0058 -0.00491 -0.00394 -0.00292 -0.00186-0.000791  0.00029  0.00137  0.00243  0.00347  0.00446  0.00538  0.00619  0.00686  0.00733  0.00757  0.00757
       12| -0.00676 -0.00676 -0.00658 -0.00622  -0.0057 -0.00505 -0.00429 -0.00346 -0.00258 -0.00166-0.000715 0.000237  0.00118  0.00212  0.00301  0.00386  0.00463  0.00531  0.00585  0.00622  0.00641  0.00641
       11| -0.00582 -0.00582 -0.00567 -0.00538 -0.00495  -0.0044 -0.00376 -0.00305 -0.00228 -0.00147-0.000647 0.000188  0.00102  0.00183  0.00261  0.00333  0.00399  0.00455    0.005  0.00531  0.00546  0.00546
       10| -0.00504 -0.00504 -0.00492 -0.00467 -0.00431 -0.00385  -0.0033 -0.00268 -0.00202 -0.00131-0.000589 0.000144 0.000871  0.00158  0.00225  0.00288  0.00344  0.00391  0.00429  0.00454  0.00467  0.00467
        9|  -0.0044  -0.0044 -0.00429 -0.00408 -0.00378 -0.00338 -0.00291 -0.00237 -0.00179 -0.00117-0.000539 0.000104 0.000742  0.00136  0.00195  0.00249  0.00297  0.00338  0.00369  0.00391  0.00402  0.00402
        8| -0.00386 -0.00386 -0.00378  -0.0036 -0.00333 -0.00298 -0.00257 -0.00211  -0.0016 -0.00106-0.000497 6.99e-05 0.000632  0.00118  0.00169  0.00216  0.00258  0.00293   0.0032  0.00339  0.00348  0.00348
        7| -0.00343 -0.00343 -0.00335 -0.00319 -0.00296 -0.00266  -0.0023 -0.00189 -0.00144-0.000958-0.000462 4.06e-05 0.000538  0.00102  0.00147  0.00189  0.00225  0.00256   0.0028  0.00296  0.00303  0.00303
        6| -0.00307 -0.00307   -0.003 -0.00286 -0.00266 -0.00239 -0.00207 -0.00171  -0.0013-0.000877-0.000433 1.62e-05 0.000461 0.000891  0.00129  0.00166  0.00199  0.00226  0.00247  0.00261  0.00268  0.00268
        5| -0.00279 -0.00279 -0.00273  -0.0026 -0.00242 -0.00218 -0.00189 -0.00156  -0.0012-0.000812 -0.00041-3.66e-06 0.000399 0.000787  0.00115  0.00148  0.00178  0.00202   0.0022  0.00233  0.00239  0.00239
        4| -0.00257 -0.00257 -0.00252  -0.0024 -0.00223 -0.00202 -0.00175 -0.00145 -0.00112-0.000761-0.000393-1.91e-05  0.00035 0.000707  0.00104  0.00135  0.00161  0.00183    0.002  0.00212  0.00217  0.00217
        3| -0.00242 -0.00242 -0.00236 -0.00226  -0.0021  -0.0019 -0.00165 -0.00137 -0.00106-0.000725 -0.00038-3.05e-05 0.000315 0.000648  0.00096  0.00124  0.00149   0.0017  0.00186  0.00196  0.00202  0.00202
        2| -0.00231 -0.00231 -0.00227 -0.00216 -0.00201 -0.00182 -0.00158 -0.00132 -0.00102-0.000701-0.000372-3.78e-05 0.000292  0.00061 0.000908  0.00118  0.00142  0.00161  0.00176  0.00187  0.00191  0.00191
        1| -0.00227 -0.00227 -0.00222 -0.00212 -0.00197 -0.00178 -0.00155 -0.00129   -0.001 -0.00069-0.000368-4.13e-05 0.000281 0.000592 0.000884  0.00115  0.00138  0.00157  0.00172  0.00182  0.00187  0.00187
        0| -0.00227 -0.00227 -0.00222 -0.00212 -0.00197 -0.00178 -0.00155 -0.00129   -0.001 -0.00069-0.000368-4.13e-05 0.000281 0.000592 0.000884  0.00115  0.00138  0.00157  0.00172  0.00182  0.00187  0.00187

