nCells: 20x20, dx: 0.1, dy: 0.1

p (22x22): 
         |        0        1        2        3        4        5        6        7        8        9       10       11       12       13       14       15       16       17       18       19       20       21
-------------------------------------------------------------------------------------------------------------------------------------------------------------------------------------------------------------------------
       21|  -0.0117  -0.0117 -0.00687 -0.00666 -0.00704 -0.00737  -0.0075 -0.00742 -0.00714 -0.00669 -0.00611 -0.00546 -0.00482 -0.00428 -0.00396 -0.00388 -0.00344 -0.00106  0.00743   0.0299   0.0685   0.0685
       20|  -0.0117  -0.0117 -0.00687 -0.00666 -0.00704 -0.00737  -0.0075 -0.00742 -0.00714 -0.00669 -0.00611 -0.00546 -0.00482 -0.00428 -0.00396 -0.00388 -0.00344 -0.00106  0.00743   0.0299   0.0685   0.0685
       19| -0.00789 -0.00789 -0.00759 -0.00745 -0.00745 -0.00746 -0.00737 -0.00716 -0.00681 -0.00633 -0.00574 -0.00509 -0.00444 -0.00387 -0.00348 -0.00339 -0.00369 -0.00347-0.000235   0.0119   0.0328   0.0328
       18| -0.00633 -0.00633 -0.00638  -0.0064 -0.00644 -0.00644 -0.00635 -0.00615 -0.00582 -0.00539 -0.00486 -0.00427 -0.00365 -0.00303 -0.00247   -0.002 -0.00161 -0.00103  0.00123  0.00829   0.0181   0.0181
       17| -0.00535 -0.00535 -0.00544 -0.00548 -0.00551 -0.00548 -0.00537 -0.00517 -0.00487 -0.00447 -0.00398 -0.00342  -0.0028 -0.00212 -0.00139-0.000555 0.000498  0.00207  0.00486  0.00964   0.0144   0.0144
       16|  -0.0046  -0.0046 -0.00467 -0.00471 -0.00471 -0.00465 -0.00453 -0.00433 -0.00404 -0.00366 -0.00319 -0.00264 -0.00201 -0.00128-0.000435 0.000599  0.00194  0.00379  0.00635   0.0095    0.012    0.012
       15| -0.00398 -0.00398 -0.00403 -0.00404 -0.00402 -0.00395 -0.00382 -0.00361 -0.00332 -0.00295  -0.0025 -0.00197 -0.00134-0.000598 0.000278  0.00134  0.00266  0.00431  0.00625  0.00819  0.00947  0.00947
       14| -0.00344 -0.00344 -0.00348 -0.00347 -0.00343 -0.00335  -0.0032 -0.00299 -0.00271 -0.00236 -0.00192  -0.0014-0.000796-8.39e-05 0.000751  0.00173  0.00289   0.0042  0.00558  0.00677  0.00744  0.00744
       13| -0.00297 -0.00297   -0.003 -0.00298 -0.00293 -0.00283 -0.00268 -0.00247  -0.0022 -0.00186 -0.00144-0.000954-0.000385 0.000274  0.00103  0.00189  0.00284  0.00385  0.00481  0.00557  0.00593  0.00593
       12| -0.00256 -0.00256 -0.00258 -0.00255 -0.00249 -0.00239 -0.00223 -0.00203 -0.00177 -0.00144 -0.00106-0.000606-8.49e-05 0.000506  0.00117  0.00189  0.00266  0.00342  0.00411  0.00461  0.00483  0.00483
       11| -0.00221 -0.00221 -0.00221 -0.00218 -0.00212 -0.00201 -0.00186 -0.00166 -0.00141 -0.00111-0.000754-0.000341 0.000126 0.000646  0.00121  0.00181  0.00242  0.00301  0.00351  0.00385  0.00399  0.00399
       10|  -0.0019  -0.0019  -0.0019 -0.00187  -0.0018 -0.00169 -0.00155 -0.00136 -0.00112-0.000843-0.000517-0.000145 0.000269 0.000721   0.0012   0.0017  0.00219  0.00264  0.00301  0.00326  0.00335  0.00335
        9| -0.00163 -0.00163 -0.00163  -0.0016 -0.00153 -0.00143 -0.00129 -0.00111-0.000888-0.000631-0.000335-2.38e-06 0.000363 0.000754  0.00116  0.00157  0.00197  0.00232   0.0026  0.00279  0.00286  0.00286
        8| -0.00141 -0.00141  -0.0014 -0.00137  -0.0013  -0.0012 -0.00107-0.000902  -0.0007-0.000464-0.000196 0.000101 0.000422 0.000761  0.00111  0.00145  0.00177  0.00205  0.00227  0.00241  0.00246  0.00246
        7| -0.00122 -0.00122 -0.00121 -0.00118 -0.00112 -0.00102-0.000894-0.000737 -0.00055-0.000334-9.19e-05 0.000174 0.000458 0.000752  0.00105  0.00134   0.0016  0.00183  0.00201  0.00212  0.00216  0.00216
        6| -0.00107 -0.00107 -0.00106 -0.00103-0.000963-0.000873-0.000754-0.000607-0.000433-0.000235-1.41e-05 0.000225 0.000478 0.000737 0.000994  0.00124  0.00147  0.00166   0.0018  0.00189  0.00192  0.00192
        5|-0.000943-0.000943-0.000937-0.000904-0.000844-0.000757-0.000644-0.000506-0.000344 -0.00016  4.3e-05 0.000261 0.000489  0.00072 0.000947  0.00116  0.00136  0.00152  0.00164  0.00172  0.00174  0.00174
        4|-0.000852-0.000852-0.000845-0.000812-0.000754-0.000671-0.000563-0.000432-0.000278-0.000105 8.37e-05 0.000285 0.000494 0.000704 0.000909   0.0011  0.00127  0.00142  0.00152  0.00159  0.00161  0.00161
        3|-0.000789-0.000789-0.000782 -0.00075-0.000693-0.000612-0.000507 -0.00038-0.000233-6.82e-05 0.000111 0.000301 0.000497 0.000693 0.000882  0.00106  0.00122  0.00134  0.00144   0.0015  0.00152  0.00152
        2|-0.000753-0.000753-0.000746-0.000714-0.000658-0.000578-0.000475 -0.00035-0.000207-4.62e-05 0.000128 0.000311 0.000499 0.000686 0.000867  0.00103  0.00118   0.0013   0.0014  0.00145  0.00147  0.00147
        1|-0.000745-0.000745-0.000737-0.000705-0.000648-0.000568-0.000465-0.000341-0.000198-3.83e-05 0.000134 0.000316 0.000502 0.000686 0.000864  0.00103  0.00117  0.00129  0.00138  0.00143  0.00145  0.00145
        0|-0.000745-0.000745-0.000737-0.000705-0.000648-0.000568-0.000465-0.000341-0.000198-3.83e-05 0.000134 0.000316 0.000502 0.000686 0.000864  0.00103  0.00117  0.00129  0.00138  0.00143  0.00145  0.00145

