nCells: 20x20, dx: 0.1, dy: 0.1

p (22x22): 
         |        0        1        2        3        4        5        6        7        8        9       10       11       12       13       14       15       16       17       18       19       20       21
-------------------------------------------------------------------------------------------------------------------------------------------------------------------------------------------------------------------------
       21| -0.00855 -0.00855 -0.00305 -0.00199 -0.00179 -0.00181 -0.00195 -0.00216 -0.00245 -0.00284 -0.00336 -0.00403 -0.00493 -0.00611 -0.00761 -0.00917 -0.00971  -0.0053   0.0113   0.0514    0.114    0.114
       20| -0.00855 -0.00855 -0.00305 -0.00199 -0.00179 -0.00181 -0.00195 -0.00216 -0.00245 -0.00284 -0.00336 -0.00403 -0.00493 -0.00611 -0.00761 -0.00917 -0.00971  -0.0053   0.0113   0.0514    0.114    0.114
       19|  -0.0045  -0.0045 -0.00383 -0.00315 -0.00276  -0.0026 -0.00261 -0.00271 -0.00293 -0.00327 -0.00374 -0.00439 -0.00527 -0.00648  -0.0081  -0.0101  -0.0118  -0.0118  -0.0044   0.0187   0.0551   0.0551
       18| -0.00326 -0.00326 -0.00308 -0.00278  -0.0026 -0.00254  -0.0026 -0.00274 -0.00299 -0.00335 -0.00385 -0.00456 -0.00551 -0.00684 -0.00869  -0.0111  -0.0135  -0.0146  -0.0119 -0.00139   0.0148   0.0148
       17| -0.00255 -0.00255 -0.00252 -0.00241 -0.00235 -0.00236 -0.00246 -0.00263 -0.00291  -0.0033 -0.00384  -0.0046 -0.00567  -0.0072 -0.00941  -0.0124  -0.0158  -0.0179  -0.0172  -0.0121  -0.0045  -0.0045
       16| -0.00205 -0.00205 -0.00207 -0.00205 -0.00206 -0.00212 -0.00224 -0.00243 -0.00272 -0.00312 -0.00367 -0.00445 -0.00559 -0.00729 -0.00987  -0.0135   -0.018  -0.0214  -0.0219  -0.0179  -0.0127  -0.0127
       15| -0.00164 -0.00164 -0.00167 -0.00169 -0.00174 -0.00182 -0.00195 -0.00215 -0.00242  -0.0028 -0.00332 -0.00406 -0.00516 -0.00686 -0.00955  -0.0136  -0.0186  -0.0225  -0.0226  -0.0184  -0.0139  -0.0139
       14| -0.00127 -0.00127 -0.00131 -0.00134  -0.0014 -0.00149 -0.00161 -0.00179 -0.00203 -0.00235 -0.00279 -0.00342 -0.00435  -0.0058 -0.00812  -0.0116  -0.0159  -0.0192  -0.0188  -0.0144  -0.0104  -0.0104
       13|-0.000925-0.000925-0.000958-0.000996 -0.00105 -0.00113 -0.00123 -0.00137 -0.00155  -0.0018 -0.00212 -0.00258 -0.00323 -0.00424 -0.00582 -0.00817   -0.011  -0.0129  -0.0118 -0.00756  -0.0042  -0.0042
       12|-0.000592-0.000592-0.000622-0.000655-0.000698-0.000754-0.000828-0.000921 -0.00104 -0.00119 -0.00138 -0.00164 -0.00198 -0.00249 -0.00324 -0.00428 -0.00541  -0.0058 -0.00403-0.000373  0.00214  0.00214
       11|-0.000274-0.000274-0.000299-0.000323-0.000351-0.000383-0.000422-0.000466-0.000516-0.000572-0.000633  -0.0007-0.000773-0.000853-0.000932-0.000972-0.000813  4.7e-05   0.0021  0.00498  0.00666  0.00666
       10| 2.59e-05 2.59e-05 6.14e-06-7.44e-06-1.81e-05-2.59e-05-2.95e-05-2.65e-05-1.34e-05 1.48e-05 6.59e-05 0.000151 0.000289 0.000505 0.000845  0.00138  0.00227  0.00364  0.00555  0.00756  0.00858  0.00858
        9| 0.000305 0.000305  0.00029 0.000286 0.000292 0.000308 0.000336 0.000381 0.000447 0.000544 0.000682 0.000878  0.00115  0.00154  0.00209  0.00287  0.00394  0.00527  0.00674  0.00798  0.00854  0.00854
        8| 0.000557 0.000557 0.000547 0.000553 0.000574  0.00061 0.000665 0.000744 0.000853    0.001   0.0012  0.00147  0.00182  0.00229  0.00291  0.00371  0.00469  0.00577  0.00681  0.00754  0.00782  0.00782
        7| 0.000781 0.000781 0.000775 0.000789 0.000821 0.000874 0.000951  0.00106   0.0012  0.00138  0.00162  0.00192  0.00231   0.0028  0.00341  0.00414  0.00496  0.00579  0.00652  0.00697  0.00712  0.00712
        6| 0.000972 0.000972 0.000969 0.000989  0.00103   0.0011  0.00119  0.00132  0.00148  0.00168  0.00194  0.00226  0.00266  0.00313   0.0037  0.00433  0.00501  0.00565  0.00617  0.00649  0.00657  0.00657
        5|  0.00113  0.00113  0.00113  0.00115   0.0012  0.00128  0.00138  0.00152   0.0017  0.00192  0.00219  0.00251   0.0029  0.00335  0.00386  0.00441  0.00496  0.00547  0.00587  0.00611  0.00617  0.00617
        4|  0.00125  0.00125  0.00125  0.00128  0.00133  0.00142  0.00153  0.00168  0.00187  0.00209  0.00237  0.00269  0.00306  0.00348  0.00394  0.00443   0.0049  0.00532  0.00564  0.00583  0.00588  0.00588
        3|  0.00132  0.00132  0.00133  0.00136  0.00142  0.00151  0.00163  0.00179  0.00198  0.00221  0.00249  0.00281  0.00317  0.00357  0.00399  0.00442  0.00484   0.0052  0.00548  0.00564  0.00568  0.00568
        2|  0.00137  0.00137  0.00137  0.00141  0.00147  0.00156  0.00169  0.00185  0.00204  0.00228  0.00256  0.00287  0.00323  0.00361  0.00402  0.00442   0.0048  0.00513  0.00538  0.00553  0.00557  0.00557
        1|  0.00137  0.00137  0.00138  0.00141  0.00148  0.00157   0.0017  0.00186  0.00206   0.0023  0.00258   0.0029  0.00325  0.00363  0.00403  0.00443   0.0048  0.00511  0.00535  0.00549  0.00553  0.00553
        0|  0.00137  0.00137  0.00138  0.00141  0.00148  0.00157   0.0017  0.00186  0.00206   0.0023  0.00258   0.0029  0.00325  0.00363  0.00403  0.00443   0.0048  0.00511  0.00535  0.00549  0.00553  0.00553

