nCells: 20x20, dx: 0.1, dy: 0.1

p (22x22): 
         |        0        1        2        3        4        5        6        7        8        9       10       11       12       13       14       15       16       17       18       19       20       21
-------------------------------------------------------------------------------------------------------------------------------------------------------------------------------------------------------------------------
       21|  -0.0355  -0.0355  -0.0259    -0.02  -0.0158  -0.0126 -0.00983 -0.00744 -0.00527 -0.00324 -0.00128 0.000648   0.0026  0.00462  0.00678  0.00916   0.0119   0.0152   0.0195   0.0257   0.0362   0.0362
       20|  -0.0355  -0.0355  -0.0259    -0.02  -0.0158  -0.0126 -0.00983 -0.00744 -0.00527 -0.00324 -0.00128 0.000648   0.0026  0.00462  0.00678  0.00916   0.0119   0.0152   0.0195   0.0257   0.0362   0.0362
       19|  -0.0258  -0.0258  -0.0221  -0.0183  -0.0149   -0.012 -0.00948 -0.00721 -0.00513 -0.00315 -0.00125 0.000632  0.00253   0.0045  0.00658  0.00884   0.0114   0.0143   0.0177   0.0218   0.0259   0.0259
       18|  -0.0201  -0.0201  -0.0183  -0.0159  -0.0134  -0.0111 -0.00886  -0.0068 -0.00486   -0.003 -0.00119 0.000604  0.00241  0.00427  0.00622  0.00828   0.0105   0.0129   0.0155   0.0181     0.02     0.02
       17|  -0.0162  -0.0162  -0.0153  -0.0137  -0.0118 -0.00995 -0.00809 -0.00627 -0.00451  -0.0028 -0.00112 0.000559  0.00225  0.00396  0.00573  0.00756  0.00946   0.0114   0.0133    0.015    0.016    0.016
       16|  -0.0134  -0.0134  -0.0128  -0.0117  -0.0103 -0.00882 -0.00726 -0.00569 -0.00412 -0.00257 -0.00103 0.000503  0.00205   0.0036  0.00518  0.00677  0.00836   0.0099   0.0113   0.0125   0.0131   0.0131
       15|  -0.0112  -0.0112  -0.0108    -0.01 -0.00896 -0.00775 -0.00645 -0.00509 -0.00372 -0.00234-0.000948  0.00044  0.00183  0.00322  0.00461  0.00598   0.0073  0.00854  0.00962   0.0104   0.0109   0.0109
       14| -0.00947 -0.00947 -0.00917 -0.00857 -0.00775 -0.00677 -0.00568 -0.00452 -0.00332  -0.0021-0.000865 0.000376  0.00162  0.00285  0.00406  0.00523  0.00633  0.00734  0.00818  0.00879  0.00912  0.00912
       13| -0.00807 -0.00807 -0.00783 -0.00736 -0.00671  -0.0059 -0.00499   -0.004 -0.00295 -0.00188-0.000786 0.000313  0.00141  0.00249  0.00354  0.00454  0.00547  0.00629  0.00696  0.00744  0.00769  0.00769
       12| -0.00691 -0.00691 -0.00672 -0.00635 -0.00581 -0.00514 -0.00437 -0.00352 -0.00262 -0.00168-0.000715 0.000254  0.00122  0.00216  0.00307  0.00393  0.00471  0.00539  0.00594  0.00633  0.00652  0.00652
       11| -0.00595 -0.00595  -0.0058 -0.00549 -0.00505 -0.00448 -0.00383  -0.0031 -0.00231 -0.00149-0.000651   0.0002  0.00104  0.00187  0.00266   0.0034  0.00406  0.00463  0.00508   0.0054  0.00555  0.00555
       10| -0.00516 -0.00516 -0.00503 -0.00477  -0.0044 -0.00392 -0.00336 -0.00273 -0.00205 -0.00133-0.000595 0.000151 0.000891  0.00161   0.0023  0.00293   0.0035  0.00398  0.00436  0.00462  0.00475  0.00475
        9|  -0.0045  -0.0045 -0.00439 -0.00417 -0.00385 -0.00345 -0.00296 -0.00242 -0.00182 -0.00119-0.000547 0.000108 0.000758  0.00139  0.00199  0.00254  0.00302  0.00344  0.00376  0.00398  0.00409  0.00409
        8| -0.00395 -0.00395 -0.00386 -0.00367  -0.0034 -0.00305 -0.00263 -0.00215 -0.00163 -0.00108-0.000506 7.16e-05 0.000643   0.0012  0.00172   0.0022  0.00262  0.00298  0.00326  0.00345  0.00354  0.00354
        7| -0.00351 -0.00351 -0.00343 -0.00326 -0.00302 -0.00272 -0.00235 -0.00193 -0.00147-0.000978-0.000472 4.04e-05 0.000547  0.00104   0.0015  0.00192  0.00229   0.0026  0.00285  0.00301  0.00309  0.00309
        6| -0.00314 -0.00314 -0.00307 -0.00293 -0.00272 -0.00244 -0.00212 -0.00174 -0.00133-0.000896-0.000443 1.45e-05 0.000467 0.000905  0.00132  0.00169  0.00202   0.0023  0.00251  0.00265  0.00273  0.00273
        5| -0.00285 -0.00285 -0.00279 -0.00266 -0.00247 -0.00223 -0.00193  -0.0016 -0.00122 -0.00083-0.000421-6.47e-06 0.000403 0.000799  0.00117  0.00151  0.00181  0.00205  0.00224  0.00237  0.00244  0.00244
        4| -0.00263 -0.00263 -0.00258 -0.00246 -0.00228 -0.00206 -0.00179 -0.00148 -0.00114-0.000779-0.000403-2.28e-05 0.000354 0.000716  0.00106  0.00137  0.00164  0.00186  0.00204  0.00216  0.00221  0.00221
        3| -0.00247 -0.00247 -0.00242 -0.00231 -0.00215 -0.00194 -0.00169  -0.0014 -0.00108-0.000742-0.000391-3.47e-05 0.000317 0.000656 0.000975  0.00126  0.00152  0.00173  0.00189    0.002  0.00205  0.00205
        2| -0.00237 -0.00237 -0.00232 -0.00221 -0.00206 -0.00186 -0.00162 -0.00134 -0.00104-0.000718-0.000383-4.25e-05 0.000294 0.000617 0.000921   0.0012  0.00144  0.00164  0.00179   0.0019  0.00195  0.00195
        1| -0.00232 -0.00232 -0.00227 -0.00217 -0.00202 -0.00182 -0.00159 -0.00132 -0.00102-0.000707-0.000379-4.62e-05 0.000282 0.000599 0.000895  0.00116   0.0014   0.0016  0.00175  0.00185   0.0019   0.0019
        0| -0.00232 -0.00232 -0.00227 -0.00217 -0.00202 -0.00182 -0.00159 -0.00132 -0.00102-0.000707-0.000379-4.62e-05 0.000282 0.000599 0.000895  0.00116   0.0014   0.0016  0.00175  0.00185   0.0019   0.0019

