nCells: 20x20, dx: 0.1, dy: 0.1

p (22x22): 
         |        0        1        2        3        4        5        6        7        8        9       10       11       12       13       14       15       16       17       18       19       20       21
-------------------------------------------------------------------------------------------------------------------------------------------------------------------------------------------------------------------------
       21| -0.00855 -0.00855 -0.00304 -0.00196 -0.00174 -0.00176 -0.00189 -0.00209 -0.00238 -0.00277 -0.00328 -0.00394 -0.00482 -0.00597 -0.00739 -0.00878 -0.00906 -0.00435   0.0123   0.0523    0.114    0.114
       20| -0.00855 -0.00855 -0.00304 -0.00196 -0.00174 -0.00176 -0.00189 -0.00209 -0.00238 -0.00277 -0.00328 -0.00394 -0.00482 -0.00597 -0.00739 -0.00878 -0.00906 -0.00435   0.0123   0.0523    0.114    0.114
       19|  -0.0045  -0.0045 -0.00381 -0.00312 -0.00272 -0.00256 -0.00255 -0.00265 -0.00287  -0.0032 -0.00367 -0.00431 -0.00518 -0.00636  -0.0079  -0.0097  -0.0111  -0.0107  -0.0032   0.0198    0.056    0.056
       18| -0.00326 -0.00326 -0.00308 -0.00277 -0.00258 -0.00252 -0.00256  -0.0027 -0.00294 -0.00331 -0.00382 -0.00451 -0.00546 -0.00677 -0.00854  -0.0107  -0.0127  -0.0133  -0.0104 5.04e-05    0.016    0.016
       17| -0.00256 -0.00256 -0.00252 -0.00241 -0.00234 -0.00235 -0.00244 -0.00262 -0.00289 -0.00329 -0.00384 -0.00461 -0.00569 -0.00722 -0.00937  -0.0121   -0.015  -0.0164  -0.0152  -0.0103 -0.00307 -0.00307
       16| -0.00207 -0.00207 -0.00208 -0.00206 -0.00206 -0.00212 -0.00224 -0.00244 -0.00274 -0.00315 -0.00372 -0.00454 -0.00572 -0.00748    -0.01  -0.0136  -0.0175  -0.0201    -0.02  -0.0164  -0.0117  -0.0117
       15| -0.00166 -0.00166 -0.00169 -0.00171 -0.00175 -0.00183 -0.00197 -0.00218 -0.00246 -0.00286 -0.00342 -0.00422 -0.00541 -0.00725  -0.0101  -0.0142  -0.0189  -0.0223  -0.0222  -0.0181   -0.014   -0.014
       14| -0.00128 -0.00128 -0.00132 -0.00136 -0.00141  -0.0015 -0.00164 -0.00183 -0.00209 -0.00244 -0.00293 -0.00364  -0.0047 -0.00638 -0.00902  -0.0129  -0.0174  -0.0205  -0.0199  -0.0155  -0.0116  -0.0116
       13|-0.000932-0.000932-0.000965 -0.00101 -0.00106 -0.00115 -0.00126 -0.00141 -0.00162  -0.0019 -0.00228 -0.00283 -0.00364  -0.0049 -0.00689 -0.00979  -0.0131  -0.0152  -0.0139 -0.00963 -0.00618 -0.00618
       12|-0.000591-0.000591-0.000622-0.000657-0.000704-0.000768-0.000853-0.000962  -0.0011 -0.00129 -0.00154 -0.00188 -0.00237  -0.0031 -0.00422 -0.00579 -0.00748 -0.00825 -0.00645  -0.0026 9.92e-05 9.92e-05
       11|-0.000264-0.000264 -0.00029-0.000316-0.000348-0.000388-0.000437-0.000496-0.000568-0.000656-0.000764  -0.0009 -0.00108 -0.00132 -0.00166 -0.00206 -0.00232  -0.0018 0.000269  0.00337  0.00521  0.00521
       10| 4.67e-05 4.67e-05 2.61e-05 1.03e-05 -4.4e-06-1.83e-05-3.07e-05-4.02e-05-4.48e-05-4.13e-05 -2.5e-05 1.13e-05  7.9e-05 0.000197   0.0004 0.000754  0.00143  0.00269  0.00468   0.0069  0.00801  0.00801
        9| 0.000337 0.000337 0.000321 0.000316 0.000319  0.00033 0.000351 0.000386 0.000441  0.00052 0.000636 0.000802  0.00104  0.00138  0.00188  0.00259  0.00365  0.00502  0.00663  0.00803  0.00864  0.00864
        8| 0.000601 0.000601 0.000591 0.000595 0.000613 0.000646 0.000697  0.00077 0.000872  0.00101   0.0012  0.00145  0.00179  0.00225  0.00286  0.00368  0.00471  0.00589  0.00704  0.00787  0.00816  0.00816
        7| 0.000836 0.000836 0.000829 0.000842 0.000874 0.000925    0.001   0.0011  0.00124  0.00142  0.00165  0.00196  0.00235  0.00285  0.00348  0.00425  0.00514  0.00606  0.00686  0.00736  0.00751  0.00751
        6|  0.00104  0.00104  0.00103  0.00105   0.0011  0.00116  0.00126  0.00138  0.00154  0.00175  0.00201  0.00234  0.00275  0.00324  0.00384  0.00452  0.00526  0.00597  0.00655  0.00689  0.00696  0.00696
        5|   0.0012   0.0012   0.0012  0.00123  0.00128  0.00135  0.00146   0.0016  0.00178  0.00201  0.00228  0.00262  0.00303   0.0035  0.00404  0.00464  0.00525  0.00581  0.00625   0.0065  0.00655  0.00655
        4|  0.00132  0.00132  0.00133  0.00136  0.00141   0.0015  0.00162  0.00177  0.00196   0.0022  0.00248  0.00282  0.00321  0.00366  0.00416  0.00468  0.00519  0.00566  0.00601  0.00621  0.00626  0.00626
        3|  0.00141  0.00141  0.00141  0.00144  0.00151   0.0016  0.00172  0.00188  0.00208  0.00233  0.00261  0.00295  0.00333  0.00376  0.00422  0.00469  0.00514  0.00554  0.00584  0.00601  0.00605  0.00605
        2|  0.00145  0.00145  0.00146  0.00149  0.00156  0.00165  0.00178  0.00195  0.00215   0.0024  0.00269  0.00303   0.0034  0.00382  0.00425  0.00469  0.00511  0.00547  0.00574  0.00589  0.00594  0.00594
        1|  0.00146  0.00146  0.00146   0.0015  0.00156  0.00166  0.00179  0.00196  0.00217  0.00242  0.00272  0.00305  0.00343  0.00384  0.00427   0.0047   0.0051  0.00545  0.00571  0.00586   0.0059   0.0059
        0|  0.00146  0.00146  0.00146   0.0015  0.00156  0.00166  0.00179  0.00196  0.00217  0.00242  0.00272  0.00305  0.00343  0.00384  0.00427   0.0047   0.0051  0.00545  0.00571  0.00586   0.0059   0.0059

