nCells: 20x20, dx: 0.1, dy: 0.1

p (22x22): 
         |        0        1        2        3        4        5        6        7        8        9       10       11       12       13       14       15       16       17       18       19       20       21
-------------------------------------------------------------------------------------------------------------------------------------------------------------------------------------------------------------------------
       21| -0.00852 -0.00852 -0.00306 -0.00204 -0.00187 -0.00193 -0.00208 -0.00231 -0.00261 -0.00301 -0.00353 -0.00421 -0.00512 -0.00638 -0.00808  -0.0101  -0.0116 -0.00851  0.00739    0.048    0.111    0.111
       20| -0.00852 -0.00852 -0.00306 -0.00204 -0.00187 -0.00193 -0.00208 -0.00231 -0.00261 -0.00301 -0.00353 -0.00421 -0.00512 -0.00638 -0.00808  -0.0101  -0.0116 -0.00851  0.00739    0.048    0.111    0.111
       19| -0.00448 -0.00448 -0.00383 -0.00319 -0.00283 -0.00269 -0.00272 -0.00283 -0.00306  -0.0034 -0.00388 -0.00452 -0.00541 -0.00667 -0.00846  -0.0109  -0.0138  -0.0153 -0.00909   0.0143   0.0517   0.0517
       18| -0.00321 -0.00321 -0.00305 -0.00278 -0.00263 -0.00259 -0.00265  -0.0028 -0.00305  -0.0034 -0.00389 -0.00456 -0.00551 -0.00686 -0.00886  -0.0118  -0.0155  -0.0187  -0.0178 -0.00723     0.01     0.01
       17| -0.00249 -0.00249 -0.00247 -0.00238 -0.00233 -0.00235 -0.00245 -0.00263 -0.00289 -0.00325 -0.00375 -0.00444 -0.00542 -0.00688 -0.00912  -0.0125  -0.0172  -0.0219  -0.0235  -0.0181 -0.00877 -0.00877
       16| -0.00199 -0.00199 -0.00201   -0.002 -0.00201 -0.00207 -0.00218 -0.00236 -0.00262 -0.00297 -0.00344  -0.0041 -0.00504 -0.00646 -0.00873  -0.0124  -0.0176   -0.023   -0.025  -0.0203  -0.0139  -0.0139
       15| -0.00158 -0.00158 -0.00161 -0.00164 -0.00168 -0.00175 -0.00187 -0.00203 -0.00226 -0.00256 -0.00297 -0.00352 -0.00431 -0.00551 -0.00742  -0.0105  -0.0149  -0.0193  -0.0204   -0.016   -0.011   -0.011
       14| -0.00122 -0.00122 -0.00126 -0.00129 -0.00134 -0.00141 -0.00151 -0.00165 -0.00183 -0.00206 -0.00236 -0.00276 -0.00332 -0.00412 -0.00537 -0.00732 -0.00998  -0.0124  -0.0122  -0.0081 -0.00417 -0.00417
       13|-0.000892-0.000892-0.000925-0.000958   -0.001 -0.00106 -0.00113 -0.00123 -0.00135  -0.0015 -0.00168 -0.00191 -0.00219 -0.00258 -0.00311 -0.00386 -0.00474 -0.00518 -0.00377-4.62e-05  0.00289  0.00289
       12|-0.000585-0.000585-0.000613 -0.00064-0.000671-0.000709-0.000755-0.000807-0.000865-0.000928-0.000991 -0.00105  -0.0011 -0.00112  -0.0011-0.000983 -0.00065 0.000324  0.00236  0.00543   0.0075   0.0075
       11|-0.000297-0.000297-0.000321-0.000339-0.000356-0.000372-0.000385-0.000394-0.000395 -0.00038-0.000341-0.000263-0.000127   0.0001 0.000467  0.00105    0.002  0.00343  0.00539  0.00757  0.00892  0.00892
       10| -3.1e-05 -3.1e-05-4.91e-05 -5.8e-05-6.01e-05-5.47e-05-3.91e-05-9.38e-06 4.04e-05 0.000119 0.000237 0.000413 0.000671  0.00104  0.00158  0.00234   0.0034  0.00473  0.00622  0.00757  0.00833  0.00833
        9| 0.000212 0.000212 0.000199 0.000199  0.00021 0.000235 0.000276 0.000337 0.000427 0.000552 0.000727 0.000965  0.00129  0.00173  0.00231  0.00307  0.00401  0.00507  0.00612  0.00692   0.0073   0.0073
        8|  0.00043  0.00043 0.000421 0.000429 0.000452 0.000492 0.000554  0.00064 0.000758 0.000917  0.00113   0.0014  0.00175   0.0022  0.00276  0.00344  0.00422  0.00503  0.00575  0.00625  0.00644  0.00644
        7| 0.000621 0.000621 0.000616 0.000629 0.000662 0.000715 0.000792 0.000896  0.00103  0.00121  0.00144  0.00173  0.00208  0.00251  0.00302  0.00361  0.00423  0.00485  0.00536  0.00569   0.0058   0.0058
        6| 0.000782 0.000782  0.00078 0.000799 0.000839 0.000901 0.000989  0.00111  0.00126  0.00145  0.00168  0.00197  0.00231  0.00271  0.00317  0.00366  0.00417  0.00464  0.00503  0.00526  0.00533  0.00533
        5| 0.000913 0.000913 0.000913 0.000936 0.000981  0.00105  0.00115  0.00127  0.00143  0.00163  0.00186  0.00214  0.00247  0.00283  0.00324  0.00366  0.00408  0.00446  0.00476  0.00494  0.00499  0.00499
        4|  0.00101  0.00101  0.00101  0.00104  0.00109  0.00116  0.00127   0.0014  0.00156  0.00176  0.00199  0.00226  0.00257  0.00291  0.00327  0.00364    0.004  0.00431  0.00456   0.0047  0.00474  0.00474
        3|  0.00108  0.00108  0.00108  0.00111  0.00116  0.00124  0.00135  0.00148  0.00165  0.00185  0.00208  0.00234  0.00264  0.00296  0.00329  0.00362  0.00394  0.00421  0.00442  0.00454  0.00458  0.00458
        2|  0.00111  0.00111  0.00112  0.00115   0.0012  0.00128  0.00139  0.00153   0.0017   0.0019  0.00213  0.00239  0.00268  0.00298   0.0033  0.00361   0.0039  0.00415  0.00434  0.00445  0.00448  0.00448
        1|  0.00112  0.00112  0.00112  0.00115  0.00121  0.00129   0.0014  0.00154  0.00171  0.00192  0.00215  0.00241  0.00269    0.003  0.00331  0.00361   0.0039  0.00414  0.00432  0.00442  0.00446  0.00446
        0|  0.00112  0.00112  0.00112  0.00115  0.00121  0.00129   0.0014  0.00154  0.00171  0.00192  0.00215  0.00241  0.00269    0.003  0.00331  0.00361   0.0039  0.00414  0.00432  0.00442  0.00446  0.00446

