nCells: 20x20, dx: 0.1, dy: 0.1

p (22x22): 
         |        0        1        2        3        4        5        6        7        8        9       10       11       12       13       14       15       16       17       18       19       20       21
-------------------------------------------------------------------------------------------------------------------------------------------------------------------------------------------------------------------------
       21|  -0.0266  -0.0266  -0.0206  -0.0178  -0.0153  -0.0129  -0.0106 -0.00858 -0.00667 -0.00489 -0.00318 -0.00152 0.000151  0.00186  0.00365  0.00563  0.00799   0.0111   0.0161   0.0251   0.0412   0.0412
       20|  -0.0266  -0.0266  -0.0206  -0.0178  -0.0153  -0.0129  -0.0106 -0.00858 -0.00667 -0.00489 -0.00318 -0.00152 0.000151  0.00186  0.00365  0.00563  0.00799   0.0111   0.0161   0.0251   0.0412   0.0412
       19|  -0.0199  -0.0199  -0.0185  -0.0165  -0.0143  -0.0122  -0.0101 -0.00819 -0.00639 -0.00468 -0.00303 -0.00141 0.000206  0.00186   0.0036  0.00549  0.00762   0.0102   0.0136    0.019   0.0264   0.0264
       18|  -0.0158  -0.0158  -0.0152   -0.014  -0.0125  -0.0108 -0.00913 -0.00748 -0.00586 -0.00429 -0.00275 -0.00121 0.000341  0.00194  0.00362  0.00545  0.00748  0.00985   0.0127   0.0162   0.0193   0.0193
       17|  -0.0131  -0.0131  -0.0127  -0.0119  -0.0108  -0.0095 -0.00813 -0.00672 -0.00529 -0.00387 -0.00245 -0.00102 0.000437  0.00194  0.00352   0.0052  0.00703  0.00904   0.0112   0.0134   0.0149   0.0149
       16|   -0.011   -0.011  -0.0108  -0.0102 -0.00933 -0.00831 -0.00718 -0.00598 -0.00473 -0.00346 -0.00217 -0.00086 0.000481  0.00186  0.00329  0.00479  0.00636  0.00799  0.00959    0.011   0.0118   0.0118
       15| -0.00939 -0.00939 -0.00919 -0.00874 -0.00808 -0.00726 -0.00632 -0.00529  -0.0042 -0.00308 -0.00192-0.000733  0.00048  0.00172  0.00299  0.00429  0.00561  0.00689  0.00808  0.00901  0.00951  0.00951
       14| -0.00806 -0.00806 -0.00791 -0.00755 -0.00702 -0.00634 -0.00555 -0.00467 -0.00372 -0.00273  -0.0017-0.000638 0.000445  0.00155  0.00266  0.00377  0.00486  0.00588  0.00677  0.00743  0.00776  0.00776
       13| -0.00697 -0.00697 -0.00685 -0.00655 -0.00611 -0.00555 -0.00487 -0.00412 -0.00329 -0.00242 -0.00151-0.000572 0.000385  0.00135  0.00231  0.00326  0.00416  0.00497  0.00566  0.00614  0.00638  0.00638
       12| -0.00606 -0.00606 -0.00596 -0.00572 -0.00535 -0.00487 -0.00429 -0.00364 -0.00292 -0.00215 -0.00135-0.000528 0.000311  0.00115  0.00198  0.00278  0.00353  0.00419  0.00472   0.0051  0.00527  0.00527
       11|  -0.0053  -0.0053 -0.00521 -0.00501  -0.0047 -0.00428 -0.00379 -0.00322  -0.0026 -0.00193 -0.00123-0.000502 0.000231 0.000962  0.00168  0.00235  0.00298  0.00352  0.00395  0.00424  0.00438  0.00438
       10| -0.00467 -0.00467 -0.00459 -0.00442 -0.00415 -0.00379 -0.00336 -0.00287 -0.00233 -0.00174 -0.00112-0.000489 0.000151 0.000786   0.0014  0.00198   0.0025  0.00295   0.0033  0.00354  0.00365  0.00365
        9| -0.00414 -0.00414 -0.00407 -0.00392 -0.00369 -0.00338 -0.00301 -0.00257  -0.0021 -0.00158 -0.00104-0.000485 7.55e-05 0.000627  0.00116  0.00165   0.0021  0.00247  0.00277  0.00296  0.00305  0.00305
        8|  -0.0037  -0.0037 -0.00364 -0.00351  -0.0033 -0.00303 -0.00271 -0.00233 -0.00191 -0.00145-0.000975-0.000485 5.99e-06 0.000488 0.000949  0.00138  0.00176  0.00208  0.00232  0.00249  0.00256  0.00256
        7| -0.00333 -0.00333 -0.00328 -0.00317 -0.00299 -0.00275 -0.00246 -0.00212 -0.00175 -0.00135-0.000923-0.000489-5.54e-05 0.000369 0.000772  0.00114  0.00147  0.00175  0.00196   0.0021  0.00216  0.00216
        6| -0.00304 -0.00304 -0.00299 -0.00289 -0.00273 -0.00252 -0.00226 -0.00196 -0.00162 -0.00126-0.000882-0.000495-0.000108 0.000269 0.000627 0.000955  0.00124  0.00148  0.00167  0.00179  0.00185  0.00185
        5| -0.00281 -0.00281 -0.00277 -0.00267 -0.00253 -0.00233  -0.0021 -0.00182 -0.00152 -0.00119-0.000851-0.000501-0.000151 0.000188  0.00051 0.000803  0.00106  0.00128  0.00144  0.00155   0.0016   0.0016
        4| -0.00263 -0.00263 -0.00259  -0.0025 -0.00237 -0.00219 -0.00198 -0.00172 -0.00144 -0.00114-0.000828-0.000506-0.000185 0.000126 0.000419 0.000687 0.000922  0.00112  0.00126  0.00136  0.00141  0.00141
        3|  -0.0025  -0.0025 -0.00247 -0.00238 -0.00226 -0.00209 -0.00189 -0.00165 -0.00139 -0.00111-0.000812 -0.00051 -0.00021 8.04e-05 0.000354 0.000604 0.000822    0.001  0.00114  0.00123  0.00127  0.00127
        2| -0.00242 -0.00242 -0.00239 -0.00231 -0.00219 -0.00203 -0.00183 -0.00161 -0.00136 -0.00109-0.000802-0.000513-0.000226 5.18e-05 0.000313 0.000551 0.000759 0.000931  0.00106  0.00115  0.00118  0.00118
        1| -0.00239 -0.00239 -0.00235 -0.00228 -0.00216   -0.002 -0.00181 -0.00159 -0.00134 -0.00108-0.000797-0.000514-0.000233 3.95e-05 0.000295 0.000528 0.000732   0.0009  0.00103  0.00111  0.00115  0.00115
        0| -0.00239 -0.00239 -0.00235 -0.00228 -0.00216   -0.002 -0.00181 -0.00159 -0.00134 -0.00108-0.000797-0.000514-0.000233 3.95e-05 0.000295 0.000528 0.000732   0.0009  0.00103  0.00111  0.00115  0.00115

