nCells: 20x20, dx: 0.1, dy: 0.1

p (22x22): 
         |        0        1        2        3        4        5        6        7        8        9       10       11       12       13       14       15       16       17       18       19       20       21
-------------------------------------------------------------------------------------------------------------------------------------------------------------------------------------------------------------------------
       21|  -0.0241  -0.0241  -0.0188  -0.0168  -0.0148  -0.0128  -0.0108 -0.00886 -0.00705 -0.00534  -0.0037 -0.00211-0.000521   0.0011   0.0028  0.00466   0.0069     0.01   0.0153   0.0255   0.0437   0.0437
       20|  -0.0241  -0.0241  -0.0188  -0.0168  -0.0148  -0.0128  -0.0108 -0.00886 -0.00705 -0.00534  -0.0037 -0.00211-0.000521   0.0011   0.0028  0.00466   0.0069     0.01   0.0153   0.0255   0.0437   0.0437
       19|  -0.0182  -0.0182  -0.0172  -0.0157  -0.0139   -0.012  -0.0102 -0.00842 -0.00671 -0.00508  -0.0035 -0.00195-0.000412  0.00116   0.0028  0.00456  0.00655    0.009   0.0125   0.0184    0.027    0.027
       18|  -0.0145  -0.0145  -0.0141  -0.0132   -0.012  -0.0106 -0.00911 -0.00759 -0.00609  -0.0046 -0.00314 -0.00167-0.000191  0.00133  0.00294  0.00469  0.00666  0.00901    0.012   0.0158   0.0194   0.0194
       17|  -0.0121  -0.0121  -0.0119  -0.0112  -0.0103 -0.00925 -0.00803 -0.00675 -0.00544 -0.00411 -0.00276  -0.0014-2.21e-06  0.00144  0.00297  0.00462  0.00644  0.00849   0.0108   0.0132    0.015    0.015
       16|  -0.0102  -0.0102  -0.0101 -0.00961 -0.00892 -0.00805 -0.00705 -0.00596 -0.00481 -0.00363 -0.00241 -0.00116 0.000129  0.00147  0.00287  0.00435  0.00593   0.0076  0.00931   0.0108   0.0117   0.0117
       15| -0.00877 -0.00877 -0.00863 -0.00827 -0.00771   -0.007 -0.00617 -0.00524 -0.00424 -0.00319 -0.00209-0.000962 0.000205  0.00141  0.00266  0.00395  0.00528  0.00661  0.00786  0.00886  0.00939  0.00939
       14| -0.00756 -0.00756 -0.00744 -0.00715 -0.00669  -0.0061 -0.00539 -0.00459 -0.00372 -0.00279 -0.00182-0.000811 0.000232   0.0013   0.0024  0.00351   0.0046  0.00565  0.00658  0.00727  0.00762  0.00762
       13| -0.00656 -0.00656 -0.00646 -0.00621 -0.00583 -0.00533 -0.00472 -0.00403 -0.00327 -0.00245 -0.00159-0.000699 0.000224  0.00116  0.00211  0.00305  0.00395  0.00479  0.00549  0.00599  0.00623  0.00623
       12| -0.00571 -0.00571 -0.00563 -0.00542 -0.00509 -0.00467 -0.00415 -0.00355 -0.00288 -0.00217 -0.00141-0.000619  0.00019  0.00101  0.00182  0.00262  0.00336  0.00403  0.00458  0.00496  0.00513  0.00513
       11| -0.00501 -0.00501 -0.00493 -0.00475 -0.00447  -0.0041 -0.00365 -0.00313 -0.00255 -0.00192 -0.00126-0.000565 0.000142 0.000852  0.00155  0.00222  0.00284  0.00338  0.00382  0.00411  0.00425  0.00425
       10| -0.00441 -0.00441 -0.00435 -0.00419 -0.00395 -0.00363 -0.00324 -0.00278 -0.00227 -0.00172 -0.00114 -0.00053 8.67e-05 0.000702   0.0013  0.00187  0.00239  0.00283  0.00319  0.00342  0.00353  0.00353
        9| -0.00391 -0.00391 -0.00386 -0.00372 -0.00351 -0.00323 -0.00289 -0.00249 -0.00204 -0.00155 -0.00104-0.000509 2.96e-05 0.000564  0.00108  0.00157    0.002  0.00237  0.00266  0.00286  0.00294  0.00294
        8|  -0.0035  -0.0035 -0.00345 -0.00333 -0.00315  -0.0029  -0.0026 -0.00224 -0.00185 -0.00142-0.000966-0.000498-2.55e-05 0.000441 0.000888  0.00131  0.00168  0.00199  0.00224   0.0024  0.00247  0.00247
        7| -0.00316 -0.00316 -0.00312 -0.00301 -0.00285 -0.00263 -0.00236 -0.00204 -0.00169 -0.00131-0.000907-0.000493 -7.6e-05 0.000334 0.000725  0.00109  0.00141  0.00168  0.00188  0.00202  0.00208  0.00208
        6| -0.00288 -0.00288 -0.00284 -0.00275  -0.0026  -0.0024 -0.00216 -0.00188 -0.00156 -0.00122-0.000862-0.000492 -0.00012 0.000243 0.000589 0.000908  0.00119  0.00142   0.0016  0.00172  0.00177  0.00177
        5| -0.00266 -0.00266 -0.00263 -0.00254 -0.00241 -0.00223 -0.00201 -0.00175 -0.00146 -0.00115-0.000828-0.000493-0.000157  0.00017  0.00048 0.000765  0.00101  0.00122  0.00138  0.00148  0.00153  0.00153
        4|  -0.0025  -0.0025 -0.00246 -0.00238 -0.00226 -0.00209 -0.00189 -0.00165 -0.00139  -0.0011-0.000802-0.000494-0.000187 0.000113 0.000396 0.000655 0.000882  0.00107  0.00121  0.00131  0.00135  0.00135
        3| -0.00238 -0.00238 -0.00235 -0.00227 -0.00215   -0.002 -0.00181 -0.00158 -0.00134 -0.00107-0.000785-0.000496-0.000208 7.13e-05 0.000335 0.000576 0.000787 0.000961  0.00109  0.00118  0.00122  0.00122
        2|  -0.0023  -0.0023 -0.00227  -0.0022 -0.00209 -0.00194 -0.00175 -0.00154  -0.0013 -0.00104-0.000774-0.000497-0.000222 4.54e-05 0.000297 0.000527 0.000727 0.000893  0.00102   0.0011  0.00114  0.00114
        1| -0.00227 -0.00227 -0.00224 -0.00217 -0.00206 -0.00191 -0.00173 -0.00152 -0.00129 -0.00103-0.000769-0.000498-0.000227 3.46e-05 0.000281 0.000506 0.000703 0.000865 0.000987  0.00107   0.0011   0.0011
        0| -0.00227 -0.00227 -0.00224 -0.00217 -0.00206 -0.00191 -0.00173 -0.00152 -0.00129 -0.00103-0.000769-0.000498-0.000227 3.46e-05 0.000281 0.000506 0.000703 0.000865 0.000987  0.00107   0.0011   0.0011

