nCells: 20x20, dx: 0.1, dy: 0.1

p (22x22): 
         |        0        1        2        3        4        5        6        7        8        9       10       11       12       13       14       15       16       17       18       19       20       21
-------------------------------------------------------------------------------------------------------------------------------------------------------------------------------------------------------------------------
       21|  -0.0117  -0.0117 -0.00679 -0.00651  -0.0069 -0.00728 -0.00753 -0.00759 -0.00748  -0.0072 -0.00679 -0.00629 -0.00579  -0.0054 -0.00525 -0.00547 -0.00545 -0.00328   0.0056   0.0297   0.0708   0.0708
       20|  -0.0117  -0.0117 -0.00679 -0.00651  -0.0069 -0.00728 -0.00753 -0.00759 -0.00748  -0.0072 -0.00679 -0.00629 -0.00579  -0.0054 -0.00525 -0.00547 -0.00545 -0.00328   0.0056   0.0297   0.0708   0.0708
       19| -0.00792 -0.00792 -0.00757 -0.00741 -0.00742 -0.00749 -0.00751 -0.00742 -0.00721 -0.00688 -0.00644 -0.00593 -0.00542 -0.00499 -0.00477 -0.00495 -0.00564 -0.00595 -0.00282   0.0101   0.0327   0.0327
       18| -0.00643 -0.00643 -0.00647 -0.00648 -0.00654 -0.00659 -0.00658 -0.00648 -0.00627 -0.00596 -0.00556  -0.0051  -0.0046 -0.00412 -0.00373  -0.0035 -0.00345 -0.00333 -0.00144  0.00598   0.0167   0.0167
       17| -0.00552 -0.00552  -0.0056 -0.00565  -0.0057 -0.00572 -0.00568 -0.00556 -0.00535 -0.00506 -0.00468 -0.00422 -0.00371 -0.00316 -0.00257 -0.00191 -0.00107 0.000266  0.00292  0.00794   0.0132   0.0132
       16| -0.00483 -0.00483  -0.0049 -0.00495 -0.00497 -0.00496 -0.00489 -0.00476 -0.00455 -0.00425 -0.00387 -0.00342 -0.00288 -0.00225 -0.00151-0.000583 0.000658  0.00244  0.00505  0.00844   0.0112   0.0112
       15| -0.00426 -0.00426 -0.00431 -0.00434 -0.00434 -0.00431 -0.00422 -0.00407 -0.00385 -0.00355 -0.00317 -0.00271 -0.00216  -0.0015-0.000691 0.000313   0.0016  0.00326  0.00529  0.00739  0.00881  0.00881
       14| -0.00377 -0.00377 -0.00381 -0.00382  -0.0038 -0.00374 -0.00364 -0.00347 -0.00325 -0.00295 -0.00258 -0.00212 -0.00157-0.000916-0.000128 0.000824  0.00197  0.00331  0.00476  0.00603  0.00677  0.00677
       13| -0.00334 -0.00334 -0.00337 -0.00336 -0.00333 -0.00326 -0.00314 -0.00297 -0.00274 -0.00245 -0.00208 -0.00164 -0.00112-0.000504  0.00022  0.00106  0.00201  0.00304  0.00405  0.00485  0.00525  0.00525
       12| -0.00296 -0.00296 -0.00298 -0.00297 -0.00292 -0.00284 -0.00272 -0.00254 -0.00232 -0.00203 -0.00169 -0.00127-0.000789-0.000228  0.00041  0.00112  0.00189  0.00267  0.00338   0.0039  0.00413  0.00413
       11| -0.00263 -0.00263 -0.00264 -0.00262 -0.00257 -0.00248 -0.00236 -0.00219 -0.00197  -0.0017 -0.00137-0.000991-0.000552-5.59e-05 0.000494  0.00109   0.0017  0.00229   0.0028  0.00315   0.0033   0.0033
       10| -0.00235 -0.00235 -0.00235 -0.00233 -0.00227 -0.00218 -0.00206 -0.00189 -0.00168 -0.00143 -0.00113-0.000781 -0.00039 4.38e-05 0.000511 0.000999  0.00149  0.00194  0.00231  0.00257  0.00266  0.00266
        9|  -0.0021  -0.0021  -0.0021 -0.00208 -0.00202 -0.00193 -0.00181 -0.00165 -0.00145 -0.00121-0.000939-0.000628-0.000281 9.48e-05 0.000491 0.000893  0.00128  0.00164  0.00192   0.0021  0.00217  0.00217
        8| -0.00189 -0.00189 -0.00189 -0.00186  -0.0018 -0.00172  -0.0016 -0.00145 -0.00126 -0.00105-0.000796-0.000516-0.000211 0.000115 0.000451 0.000785   0.0011  0.00138   0.0016  0.00174  0.00179  0.00179
        7| -0.00172 -0.00172 -0.00171 -0.00168 -0.00163 -0.00154 -0.00143 -0.00129 -0.00112-0.000915-0.000688-0.000437-0.000167 0.000116 0.000404 0.000685 0.000945  0.00117  0.00135  0.00146  0.00149  0.00149
        6| -0.00157 -0.00157 -0.00157 -0.00154 -0.00148  -0.0014  -0.0013 -0.00116   -0.001-0.000815-0.000608-0.000381 -0.00014 0.000108 0.000357 0.000597 0.000816    0.001  0.00115  0.00123  0.00126  0.00126
        5| -0.00146 -0.00146 -0.00145 -0.00143 -0.00137 -0.00129 -0.00119 -0.00106-0.000912 -0.00074-0.000549-0.000342-0.000125 9.68e-05 0.000316 0.000524 0.000713 0.000871 0.000991  0.00107  0.00109  0.00109
        4| -0.00137 -0.00137 -0.00137 -0.00134 -0.00129 -0.00121 -0.00111-0.000991-0.000848-0.000685-0.000507-0.000316-0.000116 8.54e-05 0.000283 0.000469 0.000635 0.000774 0.000878 0.000941 0.000961 0.000961
        3| -0.00132 -0.00132 -0.00131 -0.00128 -0.00123 -0.00116 -0.00106-0.000941-0.000803-0.000648-0.000479-0.000298-0.000111 7.67e-05 0.000259  0.00043 0.000581 0.000707   0.0008 0.000857 0.000875 0.000875
        2| -0.00128 -0.00128 -0.00128 -0.00125  -0.0012 -0.00112 -0.00103-0.000913-0.000778-0.000626-0.000462-0.000287-0.000107 7.22e-05 0.000246 0.000407  0.00055 0.000668 0.000756 0.000809 0.000826 0.000826
        1| -0.00128 -0.00128 -0.00127 -0.00124 -0.00119 -0.00112 -0.00102-0.000904-0.000769-0.000619-0.000455-0.000282-0.000104 7.29e-05 0.000244 0.000402 0.000542 0.000658 0.000743 0.000795 0.000811 0.000811
        0| -0.00128 -0.00128 -0.00127 -0.00124 -0.00119 -0.00112 -0.00102-0.000904-0.000769-0.000619-0.000455-0.000282-0.000104 7.29e-05 0.000244 0.000402 0.000542 0.000658 0.000743 0.000795 0.000811 0.000811

