nCells: 20x20, dx: 0.1, dy: 0.1

p (22x22): 
         |        0        1        2        3        4        5        6        7        8        9       10       11       12       13       14       15       16       17       18       19       20       21
-------------------------------------------------------------------------------------------------------------------------------------------------------------------------------------------------------------------------
       21|  -0.0119  -0.0119 -0.00701 -0.00676 -0.00715 -0.00752 -0.00773 -0.00775 -0.00758 -0.00725 -0.00678 -0.00624 -0.00569 -0.00524 -0.00504 -0.00516 -0.00499 -0.00275    0.006   0.0296   0.0698   0.0698
       20|  -0.0119  -0.0119 -0.00701 -0.00676 -0.00715 -0.00752 -0.00773 -0.00775 -0.00758 -0.00725 -0.00678 -0.00624 -0.00569 -0.00524 -0.00504 -0.00516 -0.00499 -0.00275    0.006   0.0296   0.0698   0.0698
       19| -0.00811 -0.00811 -0.00778 -0.00763 -0.00764 -0.00769 -0.00767 -0.00755 -0.00729 -0.00691 -0.00642 -0.00587 -0.00531 -0.00483 -0.00455 -0.00465 -0.00521 -0.00533 -0.00216   0.0105   0.0325   0.0325
       18|  -0.0066  -0.0066 -0.00664 -0.00666 -0.00672 -0.00675 -0.00672 -0.00658 -0.00634 -0.00599 -0.00555 -0.00504  -0.0045 -0.00398 -0.00353 -0.00321 -0.00305 -0.00276-0.000742  0.00655    0.017    0.017
       17| -0.00567 -0.00567 -0.00575  -0.0058 -0.00584 -0.00585 -0.00579 -0.00564 -0.00541 -0.00508 -0.00466 -0.00417 -0.00362 -0.00303 -0.00239 -0.00167-0.000757 0.000666  0.00337  0.00832   0.0134   0.0134
       16| -0.00496 -0.00496 -0.00503 -0.00507 -0.00509 -0.00507 -0.00498 -0.00483 -0.00459 -0.00427 -0.00386 -0.00337  -0.0028 -0.00214 -0.00136-0.000401 0.000877  0.00268  0.00528  0.00859   0.0112   0.0112
       15| -0.00437 -0.00437 -0.00443 -0.00445 -0.00444  -0.0044 -0.00429 -0.00413 -0.00388 -0.00356 -0.00316 -0.00267  -0.0021 -0.00141 -0.00058 0.000444  0.00174   0.0034   0.0054  0.00745  0.00882  0.00882
       14| -0.00387 -0.00387 -0.00391 -0.00391 -0.00389 -0.00382  -0.0037 -0.00352 -0.00328 -0.00296 -0.00257 -0.00209 -0.00153-0.000851-4.68e-05 0.000916  0.00206   0.0034  0.00482  0.00607  0.00678  0.00678
       13| -0.00343 -0.00343 -0.00345 -0.00344  -0.0034 -0.00332  -0.0032 -0.00301 -0.00277 -0.00246 -0.00208 -0.00163 -0.00109-0.000457 0.000278  0.00112  0.00208   0.0031  0.00409  0.00488  0.00526  0.00526
       12| -0.00304 -0.00304 -0.00305 -0.00304 -0.00299  -0.0029 -0.00277 -0.00258 -0.00234 -0.00205 -0.00169 -0.00126-0.000766-0.000196  0.00045  0.00117  0.00193  0.00271  0.00341  0.00392  0.00415  0.00415
       11|  -0.0027  -0.0027 -0.00271 -0.00269 -0.00263 -0.00254  -0.0024 -0.00222 -0.00199 -0.00171 -0.00138-0.000987-0.000538 -3.4e-05 0.000521  0.00112  0.00173  0.00231  0.00282  0.00317  0.00332  0.00332
       10| -0.00241 -0.00241 -0.00241 -0.00238 -0.00232 -0.00223  -0.0021 -0.00192 -0.00171 -0.00144 -0.00114-0.000781-0.000382 5.77e-05  0.00053  0.00102  0.00151  0.00196  0.00233  0.00258  0.00268  0.00268
        9| -0.00215 -0.00215 -0.00216 -0.00213 -0.00207 -0.00197 -0.00184 -0.00168 -0.00147 -0.00123-0.000949-0.000631-0.000278 0.000103 0.000502 0.000907   0.0013  0.00165  0.00193  0.00212  0.00219  0.00219
        8| -0.00194 -0.00194 -0.00194 -0.00191 -0.00185 -0.00176 -0.00163 -0.00148 -0.00129 -0.00106-0.000808-0.000522-0.000212 0.000118 0.000458 0.000794  0.00111  0.00139  0.00161  0.00175   0.0018   0.0018
        7| -0.00176 -0.00176 -0.00176 -0.00173 -0.00167 -0.00158 -0.00146 -0.00131 -0.00114-0.000933-0.000701-0.000445 -0.00017 0.000116 0.000407  0.00069 0.000952  0.00118  0.00135  0.00147   0.0015   0.0015
        6| -0.00161 -0.00161 -0.00161 -0.00158 -0.00152 -0.00144 -0.00133 -0.00119 -0.00102-0.000833-0.000621-0.000391-0.000146 0.000106 0.000358 0.000599  0.00082  0.00101  0.00115  0.00124  0.00127  0.00127
        5|  -0.0015  -0.0015 -0.00149 -0.00146 -0.00141 -0.00133 -0.00122 -0.00109-0.000934-0.000758-0.000563-0.000353-0.000132 9.27e-05 0.000314 0.000525 0.000715 0.000875 0.000996  0.00107  0.00109  0.00109
        4| -0.00141 -0.00141 -0.00141 -0.00138 -0.00132 -0.00124 -0.00114 -0.00102-0.000869-0.000703-0.000521-0.000327-0.000125 7.99e-05  0.00028 0.000467 0.000635 0.000776 0.000881 0.000945 0.000965 0.000965
        3| -0.00135 -0.00135 -0.00135 -0.00132 -0.00126 -0.00119 -0.00109-0.000965-0.000825-0.000666-0.000493 -0.00031 -0.00012 7.02e-05 0.000255 0.000427  0.00058 0.000707 0.000802  0.00086 0.000878 0.000878
        2| -0.00132 -0.00132 -0.00131 -0.00128 -0.00123 -0.00115 -0.00106-0.000936-0.000799-0.000644-0.000477-0.000299-0.000117 6.52e-05 0.000241 0.000405 0.000549 0.000668 0.000757 0.000811 0.000828 0.000828
        1| -0.00131 -0.00131  -0.0013 -0.00127 -0.00122 -0.00114 -0.00105-0.000928 -0.00079-0.000637 -0.00047-0.000294-0.000114 6.56e-05 0.000239 0.000399 0.000541 0.000657 0.000744 0.000796 0.000813 0.000813
        0| -0.00131 -0.00131  -0.0013 -0.00127 -0.00122 -0.00114 -0.00105-0.000928 -0.00079-0.000637 -0.00047-0.000294-0.000114 6.56e-05 0.000239 0.000399 0.000541 0.000657 0.000744 0.000796 0.000813 0.000813

