nCells: 20x20, dx: 0.1, dy: 0.1

p (22x22): 
         |        0        1        2        3        4        5        6        7        8        9       10       11       12       13       14       15       16       17       18       19       20       21
-------------------------------------------------------------------------------------------------------------------------------------------------------------------------------------------------------------------------
       21| -0.00928 -0.00928 -0.00394 -0.00316 -0.00319 -0.00342 -0.00372 -0.00408 -0.00447 -0.00489 -0.00534 -0.00584 -0.00645 -0.00726 -0.00848  -0.0104  -0.0133  -0.0139  -0.0028   0.0331   0.0924   0.0924
       20| -0.00928 -0.00928 -0.00394 -0.00316 -0.00319 -0.00342 -0.00372 -0.00408 -0.00447 -0.00489 -0.00534 -0.00584 -0.00645 -0.00726 -0.00848  -0.0104  -0.0133  -0.0139  -0.0028   0.0331   0.0924   0.0924
       19| -0.00539 -0.00539  -0.0048 -0.00432 -0.00412 -0.00412 -0.00425 -0.00447 -0.00474 -0.00505 -0.00542 -0.00584 -0.00635 -0.00707  -0.0082  -0.0102  -0.0138   -0.019  -0.0177  0.00167   0.0365   0.0365
       18| -0.00409 -0.00409 -0.00399 -0.00383 -0.00379 -0.00384 -0.00397 -0.00415 -0.00438 -0.00464 -0.00495  -0.0053 -0.00575 -0.00638 -0.00738 -0.00913  -0.0123  -0.0172  -0.0199  -0.0106  0.00686  0.00686
       17| -0.00337 -0.00337 -0.00339 -0.00336 -0.00338 -0.00345 -0.00357 -0.00372  -0.0039 -0.00411 -0.00434 -0.00462 -0.00496 -0.00542  -0.0061  -0.0072 -0.00902  -0.0115  -0.0125 -0.00669  0.00235  0.00235
       16| -0.00288 -0.00288 -0.00292 -0.00295 -0.00299 -0.00306 -0.00316 -0.00327  -0.0034 -0.00355  -0.0037 -0.00386 -0.00405 -0.00426 -0.00453 -0.00485 -0.00522 -0.00532 -0.00394 0.000688  0.00585  0.00585
       15|  -0.0025  -0.0025 -0.00254 -0.00258 -0.00263 -0.00269 -0.00276 -0.00284 -0.00292   -0.003 -0.00306 -0.00311 -0.00314 -0.00311 -0.00301 -0.00275 -0.00218-0.000969  0.00132  0.00495  0.00809  0.00809
       14| -0.00218 -0.00218 -0.00222 -0.00226  -0.0023 -0.00234 -0.00239 -0.00243 -0.00246 -0.00248 -0.00247 -0.00242 -0.00231 -0.00211 -0.00176 -0.00118-0.000223  0.00125  0.00332  0.00574  0.00753  0.00753
       13|  -0.0019  -0.0019 -0.00194 -0.00197   -0.002 -0.00203 -0.00205 -0.00205 -0.00205 -0.00201 -0.00194 -0.00181 -0.00161  -0.0013-0.000836 -0.00015 0.000819   0.0021  0.00362  0.00507  0.00599  0.00599
       12| -0.00166 -0.00166 -0.00169 -0.00171 -0.00173 -0.00174 -0.00174 -0.00172 -0.00167  -0.0016 -0.00148 -0.00131 -0.00106-0.000701-0.000208  0.00045  0.00129  0.00229  0.00333  0.00419  0.00465  0.00465
       11| -0.00145 -0.00145 -0.00147 -0.00149 -0.00149 -0.00149 -0.00146 -0.00142 -0.00136 -0.00125 -0.00111-0.000907-0.000636-0.000275  0.00019 0.000767  0.00145  0.00219   0.0029  0.00343  0.00367  0.00367
       10| -0.00126 -0.00126 -0.00128 -0.00128 -0.00128 -0.00126 -0.00123 -0.00117 -0.00109-0.000967-0.000808-0.000598-0.000328 1.24e-05 0.000427 0.000912  0.00145    0.002  0.00249  0.00283  0.00296  0.00296
        9| -0.00109 -0.00109 -0.00111 -0.00111  -0.0011 -0.00107 -0.00102-0.000956-0.000862-0.000735-0.000571-0.000364-0.000109   0.0002 0.000558 0.000959  0.00138  0.00179  0.00214  0.00237  0.00245  0.00245
        8|-0.000949-0.000949-0.000961-0.000959-0.000941-0.000907-0.000855 -0.00078 -0.00068-0.000551-0.000389-0.000192 4.38e-05 0.000317 0.000624 0.000953  0.00129   0.0016  0.00185  0.00201  0.00206  0.00206
        7|-0.000829-0.000829-0.000838-0.000832-0.000811-0.000772-0.000715-0.000637-0.000535-0.000407-0.000252-6.66e-05 0.000148 0.000389  0.00065 0.000922  0.00119  0.00143  0.00162  0.00174  0.00177  0.00177
        6| -0.00073 -0.00073-0.000737-0.000728-0.000704-0.000663-0.000603-0.000523-0.000422-0.000297-0.000149 2.32e-05 0.000218 0.000431 0.000656 0.000883   0.0011  0.00129  0.00144  0.00153  0.00155  0.00155
        5|-0.000652-0.000652-0.000657-0.000647 -0.00062-0.000577-0.000516-0.000435-0.000335-0.000215-7.38e-05 8.66e-05 0.000264 0.000454 0.000651 0.000846  0.00103  0.00118   0.0013  0.00137  0.00139  0.00139
        4|-0.000594-0.000594-0.000598-0.000586-0.000558-0.000513-0.000451-0.000371-0.000272-0.000155-2.05e-05  0.00013 0.000295 0.000467 0.000643 0.000814 0.000971   0.0011   0.0012  0.00126  0.00128  0.00128
        3|-0.000557-0.000557 -0.00056-0.000546-0.000517-0.000471-0.000408-0.000328 -0.00023-0.000115 1.52e-05 0.000159 0.000314 0.000475 0.000637 0.000792 0.000933  0.00105  0.00114  0.00119   0.0012   0.0012
        2|-0.000539-0.000539-0.000541-0.000527-0.000496-0.000449-0.000385-0.000304-0.000206-9.23e-05 3.62e-05 0.000177 0.000327 0.000481 0.000635 0.000781 0.000913  0.00102   0.0011  0.00115  0.00116  0.00116
        1| -0.00054 -0.00054-0.000541-0.000527-0.000495-0.000447-0.000382-0.000299  -0.0002-8.51e-05 4.39e-05 0.000185 0.000334 0.000487 0.000638 0.000782  0.00091  0.00102   0.0011  0.00114  0.00115  0.00115
        0| -0.00054 -0.00054-0.000541-0.000527-0.000495-0.000447-0.000382-0.000299  -0.0002-8.51e-05 4.39e-05 0.000185 0.000334 0.000487 0.000638 0.000782  0.00091  0.00102   0.0011  0.00114  0.00115  0.00115

