nCells: 20x20, dx: 0.1, dy: 0.1

p (22x22): 
         |        0        1        2        3        4        5        6        7        8        9       10       11       12       13       14       15       16       17       18       19       20       21
-------------------------------------------------------------------------------------------------------------------------------------------------------------------------------------------------------------------------
       21| -0.00955 -0.00955 -0.00404 -0.00296 -0.00274 -0.00276 -0.00289 -0.00309 -0.00338 -0.00377 -0.00428 -0.00495 -0.00583 -0.00697  -0.0084  -0.0098  -0.0101  -0.0054   0.0112   0.0512    0.113    0.113
       20| -0.00955 -0.00955 -0.00404 -0.00296 -0.00274 -0.00276 -0.00289 -0.00309 -0.00338 -0.00377 -0.00428 -0.00495 -0.00583 -0.00697  -0.0084  -0.0098  -0.0101  -0.0054   0.0112   0.0512    0.113    0.113
       19|  -0.0055  -0.0055 -0.00481 -0.00413 -0.00372 -0.00356 -0.00356 -0.00365 -0.00387 -0.00421 -0.00468 -0.00532 -0.00618 -0.00736 -0.00891  -0.0107  -0.0122  -0.0118 -0.00426   0.0187    0.055    0.055
       18| -0.00426 -0.00426 -0.00408 -0.00377 -0.00358 -0.00352 -0.00356  -0.0037 -0.00395 -0.00431 -0.00482 -0.00551 -0.00646 -0.00777 -0.00955  -0.0117  -0.0137  -0.0143  -0.0115 -0.00102   0.0149   0.0149
       17| -0.00356 -0.00356 -0.00352 -0.00341 -0.00334 -0.00335 -0.00344 -0.00362  -0.0039 -0.00429 -0.00484 -0.00561 -0.00669 -0.00822  -0.0104  -0.0132   -0.016  -0.0175  -0.0163  -0.0114 -0.00414 -0.00414
       16| -0.00307 -0.00307 -0.00308 -0.00306 -0.00306 -0.00312 -0.00324 -0.00344 -0.00374 -0.00415 -0.00472 -0.00554 -0.00672 -0.00847   -0.011  -0.0146  -0.0185  -0.0212  -0.0211  -0.0175  -0.0127  -0.0127
       15| -0.00266 -0.00266 -0.00269 -0.00271 -0.00275 -0.00283 -0.00297 -0.00317 -0.00346 -0.00386 -0.00442 -0.00522  -0.0064 -0.00823  -0.0111  -0.0151  -0.0199  -0.0234  -0.0232  -0.0191   -0.015   -0.015
       14| -0.00228 -0.00228 -0.00232 -0.00236 -0.00241  -0.0025 -0.00264 -0.00283 -0.00308 -0.00344 -0.00393 -0.00463 -0.00569 -0.00735 -0.00998  -0.0138  -0.0184  -0.0215  -0.0208  -0.0165  -0.0125  -0.0125
       13| -0.00193 -0.00193 -0.00197   -0.002 -0.00206 -0.00214 -0.00226 -0.00241 -0.00262  -0.0029 -0.00328 -0.00382 -0.00462 -0.00586 -0.00784  -0.0107   -0.014  -0.0161  -0.0148  -0.0105 -0.00709 -0.00709
       12| -0.00159 -0.00159 -0.00162 -0.00166  -0.0017 -0.00177 -0.00185 -0.00196  -0.0021 -0.00229 -0.00253 -0.00286 -0.00335 -0.00407 -0.00517 -0.00672 -0.00837 -0.00913 -0.00733 -0.00349-0.000802-0.000802
       11| -0.00126 -0.00126 -0.00129 -0.00132 -0.00135 -0.00139 -0.00144 -0.00149 -0.00157 -0.00165 -0.00176 -0.00189 -0.00206  -0.0023 -0.00262   -0.003 -0.00324  -0.0027-0.000635  0.00245  0.00429  0.00429
       10|-0.000955-0.000955-0.000975-0.000991 -0.00101 -0.00102 -0.00103 -0.00104 -0.00104 -0.00104 -0.00102-0.000981 -0.00091-0.000786-0.000575-0.000211 0.000481  0.00175  0.00373  0.00594  0.00705  0.00705
        9|-0.000665-0.000665 -0.00068-0.000686-0.000683-0.000672 -0.00065-0.000614-0.000559-0.000478-0.000362-0.000194 4.66e-05 0.000393 0.000891  0.00161  0.00267  0.00404  0.00564  0.00704  0.00764  0.00764
        8|-0.000401-0.000401-0.000412-0.000407-0.000389-0.000356-0.000305-0.000231-0.000129 9.78e-06 0.000198 0.000451 0.000792  0.00125  0.00186  0.00269  0.00371  0.00489  0.00603  0.00685  0.00715  0.00715
        7|-0.000167-0.000167-0.000174-0.000161-0.000129-7.75e-05-2.69e-06   0.0001 0.000238 0.000418 0.000653 0.000956  0.00135  0.00185  0.00247  0.00325  0.00413  0.00505  0.00584  0.00635  0.00649  0.00649
        6|  3.3e-05  3.3e-05 2.97e-05    5e-05 9.23e-05 0.000158 0.000252 0.000377  0.00054 0.000747  0.00101  0.00134  0.00174  0.00224  0.00283  0.00352  0.00425  0.00495  0.00553  0.00587  0.00595  0.00595
        5| 0.000196 0.000196 0.000196 0.000222 0.000272  0.00035 0.000457 0.000598 0.000778    0.001  0.00128  0.00162  0.00202  0.00249  0.00304  0.00363  0.00423  0.00479  0.00523  0.00548  0.00554  0.00554
        4|  0.00032  0.00032 0.000322 0.000352 0.000409 0.000495 0.000613 0.000765 0.000956  0.00119  0.00148  0.00181   0.0022  0.00265  0.00315  0.00367  0.00418  0.00464  0.00499  0.00519  0.00524  0.00524
        3| 0.000404 0.000404 0.000407  0.00044 0.000502 0.000594 0.000719 0.000879  0.00108  0.00132  0.00161  0.00194  0.00232  0.00275  0.00321  0.00368  0.00413  0.00452  0.00482  0.00499  0.00503  0.00503
        2| 0.000446 0.000446 0.000452 0.000487 0.000552 0.000648 0.000777 0.000943  0.00115  0.00139  0.00168  0.00202  0.00239  0.00281  0.00324  0.00368  0.00409  0.00445  0.00472  0.00488  0.00492  0.00492
        1| 0.000453 0.000453 0.000459 0.000494  0.00056 0.000658  0.00079 0.000959  0.00117  0.00142  0.00171  0.00205  0.00242  0.00283  0.00326  0.00369  0.00409  0.00443  0.00469  0.00484  0.00488  0.00488
        0| 0.000453 0.000453 0.000459 0.000494  0.00056 0.000658  0.00079 0.000959  0.00117  0.00142  0.00171  0.00205  0.00242  0.00283  0.00326  0.00369  0.00409  0.00443  0.00469  0.00484  0.00488  0.00488

