nCells: 20x20, dx: 0.1, dy: 0.1

p (22x22): 
         |        0        1        2        3        4        5        6        7        8        9       10       11       12       13       14       15       16       17       18       19       20       21
-------------------------------------------------------------------------------------------------------------------------------------------------------------------------------------------------------------------------
       21| -0.00956 -0.00956 -0.00404 -0.00295 -0.00273 -0.00274 -0.00287 -0.00307 -0.00336 -0.00374 -0.00425 -0.00491 -0.00578 -0.00691 -0.00829 -0.00962 -0.00978 -0.00497   0.0117   0.0516    0.114    0.114
       20| -0.00956 -0.00956 -0.00404 -0.00295 -0.00273 -0.00274 -0.00287 -0.00307 -0.00336 -0.00374 -0.00425 -0.00491 -0.00578 -0.00691 -0.00829 -0.00962 -0.00978 -0.00497   0.0117   0.0516    0.114    0.114
       19| -0.00551 -0.00551 -0.00482 -0.00412 -0.00371 -0.00354 -0.00354 -0.00363 -0.00385 -0.00418 -0.00465 -0.00528 -0.00615 -0.00731 -0.00882  -0.0105  -0.0118  -0.0113 -0.00373   0.0192   0.0554   0.0554
       18| -0.00427 -0.00427 -0.00409 -0.00378 -0.00358 -0.00351 -0.00355 -0.00369 -0.00393 -0.00429  -0.0048  -0.0055 -0.00644 -0.00774 -0.00947  -0.0115  -0.0134  -0.0138  -0.0108-0.000394   0.0155   0.0155
       17| -0.00357 -0.00357 -0.00353 -0.00342 -0.00335 -0.00335 -0.00344 -0.00362  -0.0039 -0.00429 -0.00485 -0.00563  -0.0067 -0.00822  -0.0103   -0.013  -0.0156  -0.0168  -0.0154  -0.0105 -0.00349 -0.00349
       16| -0.00308 -0.00308 -0.00309 -0.00307 -0.00307 -0.00313 -0.00325 -0.00345 -0.00375 -0.00417 -0.00475 -0.00558 -0.00679 -0.00855  -0.0111  -0.0145  -0.0183  -0.0205  -0.0201  -0.0167  -0.0122  -0.0122
       15| -0.00267 -0.00267  -0.0027 -0.00272 -0.00276 -0.00285 -0.00299  -0.0032 -0.00349  -0.0039 -0.00448  -0.0053 -0.00653 -0.00841  -0.0113  -0.0153  -0.0199  -0.0231  -0.0228  -0.0189  -0.0149  -0.0149
       14|  -0.0023  -0.0023 -0.00233 -0.00237 -0.00243 -0.00252 -0.00266 -0.00285 -0.00312 -0.00349 -0.00401 -0.00475 -0.00587 -0.00764  -0.0104  -0.0144  -0.0189  -0.0219  -0.0211  -0.0168   -0.013   -0.013
       13| -0.00194 -0.00194 -0.00198 -0.00202 -0.00208 -0.00216 -0.00228 -0.00244 -0.00266 -0.00296 -0.00337 -0.00395 -0.00483 -0.00621 -0.00838  -0.0115   -0.015  -0.0171  -0.0158  -0.0114 -0.00796 -0.00796
       12|  -0.0016  -0.0016 -0.00163 -0.00167 -0.00172 -0.00178 -0.00187 -0.00199 -0.00214 -0.00235 -0.00262   -0.003 -0.00356  -0.0044  -0.0057 -0.00752 -0.00944  -0.0103 -0.00849 -0.00455 -0.00178 -0.00178
       11| -0.00127 -0.00127  -0.0013 -0.00132 -0.00136  -0.0014 -0.00145 -0.00152  -0.0016 -0.00171 -0.00184 -0.00201 -0.00224 -0.00257 -0.00304 -0.00362 -0.00408  -0.0037 -0.00162  0.00158  0.00351  0.00351
       10|-0.000954-0.000954-0.000975-0.000992 -0.00101 -0.00103 -0.00104 -0.00106 -0.00107 -0.00108 -0.00108 -0.00107 -0.00104-0.000974-0.000847-0.000592-3.35e-05  0.00116  0.00318  0.00549  0.00666  0.00666
        9|-0.000659-0.000659-0.000675-0.000681 -0.00068-0.000672-0.000654-0.000623-0.000575-0.000504-0.000401-0.000251-3.33e-05 0.000283 0.000745  0.00142  0.00245  0.00383  0.00549  0.00697  0.00759  0.00759
        8| -0.00039 -0.00039-0.000401-0.000397 -0.00038-0.000348  -0.0003 -0.00023-0.000133 3.33e-07 0.000181 0.000425 0.000757  0.00121  0.00181  0.00264  0.00368   0.0049   0.0061  0.00697  0.00727  0.00727
        7| -0.00015 -0.00015-0.000157-0.000145-0.000114-6.33e-05 1.01e-05 0.000111 0.000246 0.000424 0.000656 0.000957  0.00135  0.00185  0.00248  0.00328  0.00419  0.00515  0.00599  0.00651  0.00666  0.00666
        6| 5.47e-05 5.47e-05 5.12e-05 7.12e-05 0.000113 0.000179 0.000272 0.000397 0.000559 0.000767  0.00103  0.00136  0.00177  0.00228  0.00289  0.00359  0.00435  0.00509  0.00569  0.00604  0.00612  0.00612
        5| 0.000222 0.000222 0.000221 0.000247 0.000298 0.000376 0.000484 0.000625 0.000806  0.00103  0.00131  0.00165  0.00207  0.00255  0.00311  0.00373  0.00436  0.00494   0.0054  0.00566  0.00571  0.00571
        4| 0.000349 0.000349 0.000351 0.000381 0.000439 0.000525 0.000644 0.000798 0.000991  0.00123  0.00152  0.00186  0.00227  0.00273  0.00324  0.00378  0.00431  0.00479  0.00516  0.00537  0.00541  0.00541
        3| 0.000434 0.000434 0.000438 0.000471 0.000534 0.000627 0.000753 0.000916  0.00112  0.00136  0.00166    0.002  0.00239  0.00283  0.00331  0.00379  0.00426  0.00468  0.00499  0.00516  0.00521  0.00521
        2| 0.000478 0.000478 0.000483 0.000519 0.000584 0.000682 0.000813 0.000982  0.00119  0.00144  0.00174  0.00208  0.00247  0.00289  0.00334   0.0038  0.00423  0.00461  0.00489  0.00505  0.00509  0.00509
        1| 0.000485 0.000485 0.000491 0.000526 0.000592 0.000692 0.000826 0.000998  0.00121  0.00146  0.00176  0.00211   0.0025  0.00292  0.00336  0.00381  0.00423  0.00459  0.00486  0.00501  0.00506  0.00506
        0| 0.000485 0.000485 0.000491 0.000526 0.000592 0.000692 0.000826 0.000998  0.00121  0.00146  0.00176  0.00211   0.0025  0.00292  0.00336  0.00381  0.00423  0.00459  0.00486  0.00501  0.00506  0.00506

