nCells: 20x20, dx: 0.1, dy: 0.1

p (22x22): 
         |        0        1        2        3        4        5        6        7        8        9       10       11       12       13       14       15       16       17       18       19       20       21
-------------------------------------------------------------------------------------------------------------------------------------------------------------------------------------------------------------------------
       21|  -0.0335  -0.0335  -0.0249  -0.0198   -0.016  -0.0129  -0.0103 -0.00799  -0.0059 -0.00395 -0.00208-0.000234  0.00162  0.00355   0.0056  0.00786   0.0105   0.0137   0.0181   0.0248   0.0364   0.0364
       20|  -0.0335  -0.0335  -0.0249  -0.0198   -0.016  -0.0129  -0.0103 -0.00799  -0.0059 -0.00395 -0.00208-0.000234  0.00162  0.00355   0.0056  0.00786   0.0105   0.0137   0.0181   0.0248   0.0364   0.0364
       19|  -0.0246  -0.0246  -0.0216  -0.0182   -0.015  -0.0123  -0.0099 -0.00773 -0.00573 -0.00384 -0.00202-0.000226  0.00159  0.00346  0.00544  0.00759     0.01   0.0128   0.0162   0.0205   0.0253   0.0253
       18|  -0.0193  -0.0193  -0.0178  -0.0157  -0.0135  -0.0113 -0.00921 -0.00727 -0.00542 -0.00365 -0.00192-0.000207  0.00152   0.0033  0.00516  0.00715  0.00931   0.0117   0.0143    0.017   0.0191   0.0191
       17|  -0.0157  -0.0157  -0.0149  -0.0135  -0.0119  -0.0101  -0.0084  -0.0067 -0.00503 -0.00341  -0.0018-0.000202  0.00141  0.00306  0.00476  0.00653  0.00839   0.0103   0.0122    0.014   0.0151   0.0151
       16|  -0.0131  -0.0131  -0.0126  -0.0116  -0.0104 -0.00901 -0.00756 -0.00609 -0.00461 -0.00314 -0.00168-0.000213  0.00126  0.00276  0.00428  0.00583  0.00739  0.00893   0.0104   0.0115   0.0122   0.0122
       15|   -0.011   -0.011  -0.0107    -0.01 -0.00906 -0.00795 -0.00674 -0.00548 -0.00419 -0.00288 -0.00156-0.000235   0.0011  0.00243  0.00378  0.00511  0.00641  0.00764  0.00872  0.00954  0.00998  0.00998
       14| -0.00942 -0.00942 -0.00916 -0.00863 -0.00789 -0.00699 -0.00599 -0.00491 -0.00378 -0.00262 -0.00145-0.000265 0.000922  0.00211  0.00328  0.00442   0.0055  0.00649  0.00732  0.00793  0.00824  0.00824
       13| -0.00811 -0.00811  -0.0079 -0.00749 -0.00689 -0.00615  -0.0053 -0.00438  -0.0034 -0.00238 -0.00135  -0.0003 0.000749  0.00179   0.0028  0.00378  0.00468  0.00548  0.00615  0.00661  0.00685  0.00685
       12| -0.00702 -0.00702 -0.00686 -0.00652 -0.00603 -0.00542  -0.0047 -0.00391 -0.00306 -0.00217 -0.00126-0.000337 0.000584  0.00149  0.00237   0.0032  0.00396  0.00462  0.00516  0.00553  0.00571  0.00571
       11| -0.00612 -0.00612 -0.00599 -0.00571  -0.0053 -0.00479 -0.00418 -0.00349 -0.00276 -0.00198 -0.00118-0.000374 0.000433  0.00122  0.00198  0.00269  0.00334  0.00389  0.00433  0.00463  0.00478  0.00478
       10| -0.00538 -0.00538 -0.00526 -0.00503 -0.00469 -0.00425 -0.00372 -0.00314  -0.0025 -0.00182 -0.00112-0.000409 0.000298 0.000987  0.00165  0.00226   0.0028  0.00327  0.00363  0.00388  0.00401  0.00401
        9| -0.00476 -0.00476 -0.00466 -0.00446 -0.00417 -0.00379 -0.00334 -0.00283 -0.00227 -0.00168 -0.00106-0.000441 0.000178 0.000781  0.00135  0.00188  0.00235  0.00275  0.00306  0.00327  0.00337  0.00337
        8| -0.00424 -0.00424 -0.00416 -0.00399 -0.00374 -0.00341 -0.00302 -0.00257 -0.00208 -0.00156 -0.00102-0.000469 7.51e-05 0.000604   0.0011  0.00156  0.00197  0.00231  0.00258  0.00275  0.00284  0.00284
        7| -0.00382 -0.00382 -0.00375  -0.0036 -0.00338 -0.00309 -0.00275 -0.00235 -0.00192 -0.00146-0.000981-0.000494-1.23e-05 0.000455 0.000896   0.0013  0.00165  0.00195  0.00218  0.00234  0.00241  0.00241
        6| -0.00348 -0.00348 -0.00342 -0.00329 -0.00309 -0.00284 -0.00253 -0.00218 -0.00179 -0.00138 -0.00095-0.000516-8.49e-05 0.000332 0.000724  0.00108   0.0014  0.00166  0.00186    0.002  0.00206  0.00206
        5| -0.00321 -0.00321 -0.00315 -0.00303 -0.00286 -0.00263 -0.00235 -0.00204 -0.00169 -0.00131-0.000926-0.000533-0.000143 0.000233 0.000587 0.000909  0.00119  0.00143  0.00161  0.00173  0.00179  0.00179
        4|   -0.003   -0.003 -0.00295 -0.00284 -0.00268 -0.00247 -0.00222 -0.00193 -0.00161 -0.00126-0.000908-0.000547-0.000189 0.000156  0.00048 0.000775  0.00103  0.00125  0.00141  0.00152  0.00158  0.00158
        3| -0.00285 -0.00285  -0.0028  -0.0027 -0.00255 -0.00236 -0.00212 -0.00185 -0.00155 -0.00123-0.000895-0.000557-0.000222 0.000101 0.000403 0.000679 0.000919  0.00112  0.00127  0.00137  0.00142  0.00142
        2| -0.00275 -0.00275 -0.00271 -0.00261 -0.00247 -0.00228 -0.00206  -0.0018 -0.00151  -0.0012-0.000886-0.000563-0.000244 6.47e-05 0.000354 0.000616 0.000846  0.00104  0.00118  0.00128  0.00133  0.00133
        1| -0.00271 -0.00271 -0.00267 -0.00257 -0.00243 -0.00225 -0.00203 -0.00177 -0.00149 -0.00119-0.000882-0.000566-0.000254  4.8e-05 0.000331 0.000587 0.000812 0.000997  0.00114  0.00124  0.00128  0.00128
        0| -0.00271 -0.00271 -0.00267 -0.00257 -0.00243 -0.00225 -0.00203 -0.00177 -0.00149 -0.00119-0.000882-0.000566-0.000254  4.8e-05 0.000331 0.000587 0.000812 0.000997  0.00114  0.00124  0.00128  0.00128

