nCells: 20x20, dx: 0.1, dy: 0.1

p (22x22): 
         |        0        1        2        3        4        5        6        7        8        9       10       11       12       13       14       15       16       17       18       19       20       21
-------------------------------------------------------------------------------------------------------------------------------------------------------------------------------------------------------------------------
       21|   -0.026   -0.026  -0.0202  -0.0176  -0.0152  -0.0129  -0.0107 -0.00865 -0.00676 -0.00499 -0.00331 -0.00166   -1e-05  0.00168  0.00345   0.0054  0.00773   0.0109   0.0159   0.0252   0.0418   0.0418
       20|   -0.026   -0.026  -0.0202  -0.0176  -0.0152  -0.0129  -0.0107 -0.00865 -0.00676 -0.00499 -0.00331 -0.00166   -1e-05  0.00168  0.00345   0.0054  0.00773   0.0109   0.0159   0.0252   0.0418   0.0418
       19|  -0.0195  -0.0195  -0.0182  -0.0163  -0.0142  -0.0121  -0.0101 -0.00825 -0.00647 -0.00477 -0.00314 -0.00154  5.7e-05  0.00169  0.00341  0.00527  0.00736   0.0099   0.0134   0.0188   0.0265   0.0265
       18|  -0.0155  -0.0155  -0.0149  -0.0138  -0.0124  -0.0108 -0.00913 -0.00751 -0.00592 -0.00437 -0.00284 -0.00132 0.000213  0.00179  0.00346  0.00526  0.00729  0.00965   0.0125   0.0161   0.0193   0.0193
       17|  -0.0128  -0.0128  -0.0125  -0.0117  -0.0107 -0.00944 -0.00811 -0.00673 -0.00533 -0.00393 -0.00253 -0.00111 0.000331  0.00182  0.00339  0.00506  0.00689  0.00891   0.0111   0.0134   0.0149   0.0149
       16|  -0.0108  -0.0108  -0.0106    -0.01 -0.00923 -0.00825 -0.00715 -0.00597 -0.00475  -0.0035 -0.00223-0.000931 0.000397  0.00177  0.00319  0.00469  0.00626  0.00789  0.00952   0.0109   0.0118   0.0118
       15| -0.00923 -0.00923 -0.00905 -0.00863 -0.00799  -0.0072 -0.00628 -0.00528 -0.00421  -0.0031 -0.00196-0.000788 0.000414  0.00165  0.00291  0.00421  0.00553  0.00683  0.00802  0.00897  0.00948  0.00948
       14| -0.00794 -0.00794 -0.00779 -0.00745 -0.00694 -0.00628 -0.00551 -0.00465 -0.00372 -0.00274 -0.00173 -0.00068 0.000393  0.00149  0.00259  0.00371  0.00479  0.00582  0.00672  0.00739  0.00772  0.00772
       13| -0.00687 -0.00687 -0.00675 -0.00647 -0.00604 -0.00549 -0.00484 -0.00409 -0.00329 -0.00243 -0.00153-0.000602 0.000346  0.00131  0.00226  0.00321  0.00411  0.00493  0.00561  0.00611  0.00634  0.00634
       12| -0.00598 -0.00598 -0.00588 -0.00564 -0.00528 -0.00482 -0.00425 -0.00361 -0.00291 -0.00216 -0.00137 -0.00055 0.000282  0.00112  0.00194  0.00274  0.00349  0.00415  0.00469  0.00506  0.00524  0.00524
       11| -0.00523 -0.00523 -0.00514 -0.00495 -0.00464 -0.00424 -0.00376  -0.0032 -0.00259 -0.00193 -0.00123-0.000518  0.00021 0.000935  0.00164  0.00232  0.00294  0.00348  0.00392  0.00421  0.00435  0.00435
       10|  -0.0046  -0.0046 -0.00453 -0.00436  -0.0041 -0.00375 -0.00333 -0.00285 -0.00231 -0.00173 -0.00113-0.000499 0.000136 0.000765  0.00138  0.00195  0.00247  0.00292  0.00327  0.00351  0.00362  0.00362
        9| -0.00408 -0.00408 -0.00402 -0.00387 -0.00364 -0.00334 -0.00298 -0.00255 -0.00208 -0.00157 -0.00104 -0.00049 6.43e-05 0.000612  0.00114  0.00163  0.00207  0.00245  0.00274  0.00294  0.00302  0.00302
        8| -0.00365 -0.00365 -0.00359 -0.00346 -0.00326   -0.003 -0.00268 -0.00231 -0.00189 -0.00144-0.000972-0.000488-1.65e-06 0.000476 0.000934  0.00136  0.00174  0.00205   0.0023  0.00246  0.00254  0.00254
        7| -0.00329 -0.00329 -0.00324 -0.00313 -0.00295 -0.00272 -0.00243  -0.0021 -0.00173 -0.00134-0.000919 -0.00049-6.04e-05  0.00036 0.000761  0.00113  0.00146  0.00173  0.00194  0.00208  0.00214  0.00214
        6|   -0.003   -0.003 -0.00296 -0.00285  -0.0027 -0.00249 -0.00223 -0.00194 -0.00161 -0.00125-0.000877-0.000494-0.000111 0.000263 0.000617 0.000943  0.00123  0.00147  0.00165  0.00177  0.00183  0.00183
        5| -0.00277 -0.00277 -0.00273 -0.00264  -0.0025 -0.00231 -0.00207 -0.00181 -0.00151 -0.00118-0.000845-0.000499-0.000153 0.000184 0.000502 0.000794  0.00105  0.00126  0.00142  0.00153  0.00158  0.00158
        4|  -0.0026  -0.0026 -0.00256 -0.00247 -0.00234 -0.00217 -0.00195 -0.00171 -0.00143 -0.00113-0.000822-0.000503-0.000186 0.000123 0.000413 0.000679 0.000912   0.0011  0.00125  0.00135  0.00139  0.00139
        3| -0.00247 -0.00247 -0.00244 -0.00236 -0.00223 -0.00207 -0.00187 -0.00163 -0.00138  -0.0011-0.000805-0.000507 -0.00021 7.81e-05 0.000349 0.000597 0.000813 0.000992  0.00113  0.00122  0.00126  0.00126
        2| -0.00239 -0.00239 -0.00236 -0.00228 -0.00216 -0.00201 -0.00181 -0.00159 -0.00134 -0.00107-0.000795-0.000509-0.000225 5.02e-05 0.000309 0.000545 0.000751 0.000921  0.00105  0.00114  0.00117  0.00117
        1| -0.00236 -0.00236 -0.00233 -0.00225 -0.00213 -0.00198 -0.00179 -0.00157 -0.00133 -0.00106 -0.00079 -0.00051-0.000231 3.83e-05 0.000292 0.000523 0.000724 0.000891  0.00102   0.0011  0.00114  0.00114
        0| -0.00236 -0.00236 -0.00233 -0.00225 -0.00213 -0.00198 -0.00179 -0.00157 -0.00133 -0.00106 -0.00079 -0.00051-0.000231 3.83e-05 0.000292 0.000523 0.000724 0.000891  0.00102   0.0011  0.00114  0.00114

