nCells: 20x20, dx: 0.1, dy: 0.1

p (22x22): 
         |        0        1        2        3        4        5        6        7        8        9       10       11       12       13       14       15       16       17       18       19       20       21
-------------------------------------------------------------------------------------------------------------------------------------------------------------------------------------------------------------------------
       21|  -0.0092  -0.0092 -0.00377 -0.00283 -0.00271 -0.00279 -0.00296  -0.0032 -0.00351  -0.0039 -0.00441 -0.00507 -0.00595 -0.00719 -0.00901  -0.0116  -0.0145  -0.0143-0.000909   0.0396    0.105    0.105
       20|  -0.0092  -0.0092 -0.00377 -0.00283 -0.00271 -0.00279 -0.00296  -0.0032 -0.00351  -0.0039 -0.00441 -0.00507 -0.00595 -0.00719 -0.00901  -0.0116  -0.0145  -0.0143-0.000909   0.0396    0.105    0.105
       19| -0.00519 -0.00519 -0.00455 -0.00396 -0.00364 -0.00353 -0.00357  -0.0037 -0.00392 -0.00425  -0.0047 -0.00531 -0.00614 -0.00733 -0.00914   -0.012  -0.0161   -0.021  -0.0186  0.00402   0.0431   0.0431
       18| -0.00389 -0.00389 -0.00375 -0.00352 -0.00339 -0.00337 -0.00344 -0.00359 -0.00382 -0.00414 -0.00458 -0.00516 -0.00598 -0.00716   -0.009   -0.012  -0.0167  -0.0231  -0.0265  -0.0169   0.0025   0.0025
       17| -0.00316 -0.00316 -0.00315 -0.00308 -0.00305 -0.00308 -0.00317 -0.00332 -0.00355 -0.00385 -0.00426 -0.00481 -0.00556 -0.00665 -0.00835  -0.0112  -0.0158   -0.022  -0.0261  -0.0203 -0.00948 -0.00948
       16| -0.00267 -0.00267 -0.00269 -0.00269 -0.00271 -0.00276 -0.00286   -0.003  -0.0032 -0.00346  -0.0038 -0.00425 -0.00485  -0.0057 -0.00698 -0.00901  -0.0122  -0.0162  -0.0183  -0.0138 -0.00712 -0.00712
       15| -0.00228 -0.00228 -0.00231 -0.00234 -0.00238 -0.00244 -0.00252 -0.00264  -0.0028   -0.003 -0.00324 -0.00355 -0.00395 -0.00445 -0.00514 -0.00613 -0.00749 -0.00885 -0.00853 -0.00441 0.000114 0.000114
       14| -0.00195 -0.00195 -0.00199 -0.00202 -0.00206 -0.00211 -0.00218 -0.00227 -0.00237  -0.0025 -0.00264  -0.0028 -0.00297 -0.00314 -0.00331 -0.00342 -0.00338  -0.0028-0.000944  0.00274  0.00593  0.00593
       13| -0.00166 -0.00166 -0.00169 -0.00172 -0.00175 -0.00179 -0.00184 -0.00189 -0.00194 -0.00199 -0.00204 -0.00206 -0.00205 -0.00196 -0.00175 -0.00133-0.000542  0.00084  0.00299  0.00581  0.00791  0.00791
       12|  -0.0014  -0.0014 -0.00143 -0.00145 -0.00147 -0.00149 -0.00151 -0.00153 -0.00153 -0.00152 -0.00148  -0.0014 -0.00125-0.000992-0.000576 8.66e-05  0.00109  0.00249  0.00423  0.00602  0.00723  0.00723
       11| -0.00116 -0.00116 -0.00119  -0.0012 -0.00121 -0.00121 -0.00121 -0.00119 -0.00116  -0.0011-0.000996 -0.00084-0.000605-0.000259 0.000241 0.000944  0.00188  0.00302  0.00425  0.00531  0.00592  0.00592
       10|-0.000949-0.000949-0.000968-0.000975-0.000974-0.000963-0.000938-0.000895-0.000829 -0.00073-0.000588-0.000387 -0.00011 0.000265 0.000768  0.00141  0.00219  0.00306   0.0039  0.00454  0.00484  0.00484
        9|-0.000759-0.000759-0.000773-0.000775-0.000764-0.000739-0.000698-0.000636-0.000546-0.000423-0.000256-3.48e-05 0.000254 0.000624  0.00109  0.00164  0.00226  0.00291  0.00349  0.00389  0.00405  0.00405
        8|-0.000592-0.000592-0.000603-0.000599 -0.00058-0.000545-0.000492-0.000415-0.000311-0.000173  5.3e-06 0.000232 0.000514 0.000859  0.00127  0.00173  0.00223  0.00271  0.00312  0.00339  0.00348  0.00348
        7|-0.000449-0.000449-0.000457-0.000448-0.000423-0.000381-0.000318-0.000232-0.000119 2.56e-05 0.000207 0.000429 0.000696  0.00101  0.00136  0.00175  0.00214  0.00251  0.00281    0.003  0.00306  0.00306
        6| -0.00033 -0.00033-0.000335-0.000323-0.000294-0.000246-0.000177 -8.5e-05 3.29e-05  0.00018 0.000359 0.000572  0.00082   0.0011  0.00141  0.00173  0.00205  0.00234  0.00257  0.00271  0.00275  0.00275
        5|-0.000235-0.000235-0.000238-0.000223 -0.00019-0.000138-6.55e-05 2.99e-05  0.00015 0.000296 0.000471 0.000674 0.000904  0.00116  0.00143   0.0017  0.00197   0.0022  0.00238  0.00249  0.00252  0.00252
        4|-0.000163-0.000163-0.000165-0.000148-0.000113-5.79e-05 1.76e-05 0.000115 0.000236 0.000381 0.000551 0.000744 0.000959  0.00119  0.00143  0.00167   0.0019  0.00209  0.00224  0.00233  0.00236  0.00236
        3|-0.000116-0.000116-0.000116-9.79e-05-6.06e-05-3.57e-06  7.4e-05 0.000173 0.000294 0.000438 0.000604 0.000791 0.000995  0.00121  0.00143  0.00165  0.00185  0.00202  0.00215  0.00223  0.00225  0.00225
        2|-9.22e-05-9.22e-05-9.16e-05-7.21e-05-3.33e-05 2.54e-05 0.000105 0.000205 0.000328 0.000471 0.000636 0.000818  0.00102  0.00122  0.00143  0.00164  0.00182  0.00198   0.0021  0.00217  0.00219  0.00219
        1|-9.05e-05-9.05e-05-8.95e-05-6.97e-05   -3e-05 3.01e-05 0.000111 0.000213 0.000337 0.000482 0.000647  0.00083  0.00103  0.00123  0.00144  0.00164  0.00182  0.00197  0.00208  0.00215  0.00217  0.00217
        0|-9.05e-05-9.05e-05-8.95e-05-6.97e-05   -3e-05 3.01e-05 0.000111 0.000213 0.000337 0.000482 0.000647  0.00083  0.00103  0.00123  0.00144  0.00164  0.00182  0.00197  0.00208  0.00215  0.00217  0.00217

