nCells: 20x20, dx: 0.1, dy: 0.1

p (22x22): 
         |        0        1        2        3        4        5        6        7        8        9       10       11       12       13       14       15       16       17       18       19       20       21
-------------------------------------------------------------------------------------------------------------------------------------------------------------------------------------------------------------------------
       21|  -0.0372  -0.0372  -0.0272   -0.021  -0.0167  -0.0134  -0.0106 -0.00812 -0.00589  -0.0038 -0.00179 0.000202  0.00222   0.0043  0.00653  0.00898   0.0118   0.0152   0.0195   0.0256   0.0357   0.0357
       20|  -0.0372  -0.0372  -0.0272   -0.021  -0.0167  -0.0134  -0.0106 -0.00812 -0.00589  -0.0038 -0.00179 0.000202  0.00222   0.0043  0.00653  0.00898   0.0118   0.0152   0.0195   0.0256   0.0357   0.0357
       19|  -0.0272  -0.0272  -0.0233  -0.0193  -0.0158  -0.0128  -0.0102  -0.0079 -0.00575 -0.00372 -0.00176 0.000179  0.00214  0.00417  0.00631  0.00864   0.0112   0.0142   0.0177   0.0217   0.0257   0.0257
       18|  -0.0213  -0.0213  -0.0195  -0.0169  -0.0143  -0.0119 -0.00961 -0.00749 -0.00549 -0.00358 -0.00171 0.000135    0.002  0.00391  0.00591  0.00803   0.0103   0.0128   0.0154   0.0179   0.0198   0.0198
       17|  -0.0174  -0.0174  -0.0163  -0.0147  -0.0127  -0.0108 -0.00884 -0.00697 -0.00515 -0.00339 -0.00165 7.47e-05  0.00181  0.00358  0.00539  0.00727   0.0092   0.0112   0.0131   0.0148   0.0158   0.0158
       16|  -0.0144  -0.0144  -0.0138  -0.0126  -0.0112 -0.00963 -0.00801 -0.00638 -0.00477 -0.00317 -0.00158 4.31e-06  0.00159  0.00319  0.00481  0.00644  0.00806  0.00963   0.0111   0.0122   0.0129   0.0129
       15|  -0.0122  -0.0122  -0.0117  -0.0109  -0.0098 -0.00854 -0.00718 -0.00578 -0.00436 -0.00293  -0.0015-7.07e-05  0.00136  0.00279  0.00421  0.00561  0.00697  0.00823  0.00933   0.0102   0.0106   0.0106
       14|  -0.0104  -0.0104    -0.01 -0.00942 -0.00856 -0.00754 -0.00641 -0.00521 -0.00396  -0.0027 -0.00142-0.000146  0.00113  0.00239  0.00364  0.00484  0.00597    0.007  0.00786  0.00849  0.00882  0.00882
       13| -0.00892 -0.00892 -0.00867 -0.00817 -0.00749 -0.00665  -0.0057 -0.00467 -0.00359 -0.00248 -0.00135-0.000218 0.000911  0.00202   0.0031  0.00413  0.00508  0.00592  0.00661  0.00711  0.00736  0.00736
       12| -0.00773 -0.00773 -0.00752 -0.00713 -0.00656 -0.00587 -0.00506 -0.00418 -0.00325 -0.00228 -0.00128-0.000284 0.000708  0.00168  0.00262   0.0035   0.0043    0.005  0.00556  0.00596  0.00616  0.00616
       11| -0.00673 -0.00673 -0.00657 -0.00624 -0.00578 -0.00519 -0.00451 -0.00375 -0.00294 -0.00209 -0.00122-0.000345 0.000526  0.00138  0.00219  0.00295  0.00363  0.00422  0.00468  0.00501  0.00517  0.00517
       10| -0.00591 -0.00591 -0.00577  -0.0055 -0.00511 -0.00462 -0.00403 -0.00338 -0.00267 -0.00193 -0.00117-0.000398 0.000365  0.00111  0.00181  0.00247  0.00305  0.00355  0.00394  0.00421  0.00435  0.00435
        9| -0.00523 -0.00523 -0.00511 -0.00488 -0.00455 -0.00413 -0.00362 -0.00306 -0.00244 -0.00179 -0.00112-0.000444 0.000226 0.000875  0.00149  0.00206  0.00256  0.00299  0.00332  0.00355  0.00367  0.00367
        8| -0.00466 -0.00466 -0.00457 -0.00437 -0.00408 -0.00371 -0.00328 -0.00278 -0.00224 -0.00167 -0.00108-0.000484 0.000106 0.000677  0.00122  0.00171  0.00215  0.00252  0.00281    0.003   0.0031   0.0031
        7|  -0.0042  -0.0042 -0.00411 -0.00394 -0.00369 -0.00337 -0.00299 -0.00255 -0.00208 -0.00157 -0.00105-0.000518 5.45e-06 0.000511 0.000988  0.00142  0.00181  0.00213  0.00238  0.00255  0.00264  0.00264
        6| -0.00382 -0.00382 -0.00375  -0.0036 -0.00338 -0.00309 -0.00275 -0.00236 -0.00194 -0.00149 -0.00102-0.000546-7.76e-05 0.000374 0.000799  0.00119  0.00153  0.00181  0.00203  0.00218  0.00226  0.00226
        5| -0.00353 -0.00353 -0.00346 -0.00332 -0.00312 -0.00287 -0.00256 -0.00221 -0.00183 -0.00142-0.000996-0.000568-0.000145 0.000264 0.000648 0.000997   0.0013  0.00156  0.00176  0.00189  0.00196  0.00196
        4| -0.00329 -0.00329 -0.00323 -0.00311 -0.00293  -0.0027 -0.00241 -0.00209 -0.00174 -0.00137-0.000979-0.000585-0.000197 0.000178  0.00053 0.000851  0.00113  0.00137  0.00155  0.00167  0.00173  0.00173
        3| -0.00313 -0.00313 -0.00307 -0.00296 -0.00279 -0.00257 -0.00231 -0.00201 -0.00168 -0.00133-0.000966-0.000598-0.000235 0.000116 0.000445 0.000743  0.00101  0.00122  0.00139  0.00151  0.00156  0.00156
        2| -0.00302 -0.00302 -0.00296 -0.00285 -0.00269 -0.00249 -0.00224 -0.00195 -0.00164  -0.0013-0.000958-0.000607-0.000259 7.49e-05 0.000388 0.000674 0.000923  0.00113  0.00129   0.0014  0.00145  0.00145
        1| -0.00296 -0.00296 -0.00291 -0.00281 -0.00265 -0.00245  -0.0022 -0.00193 -0.00162 -0.00129-0.000954-0.000611-0.000272 5.48e-05 0.000361 0.000639 0.000883  0.00109  0.00124  0.00135   0.0014   0.0014
        0| -0.00296 -0.00296 -0.00291 -0.00281 -0.00265 -0.00245  -0.0022 -0.00193 -0.00162 -0.00129-0.000954-0.000611-0.000272 5.48e-05 0.000361 0.000639 0.000883  0.00109  0.00124  0.00135   0.0014   0.0014

