nCells: 20x20, dx: 0.1, dy: 0.1

p (22x22): 
         |        0        1        2        3        4        5        6        7        8        9       10       11       12       13       14       15       16       17       18       19       20       21
-------------------------------------------------------------------------------------------------------------------------------------------------------------------------------------------------------------------------
       21| -0.00917 -0.00917  -0.0038 -0.00296 -0.00294 -0.00312 -0.00338  -0.0037 -0.00408 -0.00451   -0.005 -0.00558 -0.00631 -0.00729 -0.00873  -0.0109  -0.0139  -0.0147 -0.00334   0.0341   0.0958   0.0958
       20| -0.00917 -0.00917  -0.0038 -0.00296 -0.00294 -0.00312 -0.00338  -0.0037 -0.00408 -0.00451   -0.005 -0.00558 -0.00631 -0.00729 -0.00873  -0.0109  -0.0139  -0.0147 -0.00334   0.0341   0.0958   0.0958
       19| -0.00524 -0.00524 -0.00464 -0.00412 -0.00388 -0.00384 -0.00394 -0.00414  -0.0044 -0.00474 -0.00515 -0.00565 -0.00629 -0.00717 -0.00853  -0.0108  -0.0147  -0.0203  -0.0193  0.00106   0.0376   0.0376
       18| -0.00395 -0.00395 -0.00384 -0.00365 -0.00358 -0.00361 -0.00372  -0.0039 -0.00413 -0.00443 -0.00478 -0.00522 -0.00579 -0.00659 -0.00782 -0.00992  -0.0136  -0.0192  -0.0227  -0.0133  0.00502  0.00502
       17| -0.00323 -0.00323 -0.00324  -0.0032  -0.0032 -0.00326 -0.00337 -0.00352 -0.00372 -0.00396 -0.00425 -0.00461 -0.00507  -0.0057 -0.00662 -0.00811  -0.0106   -0.014   -0.016  -0.0102-0.000604-0.000604
       16| -0.00274 -0.00274 -0.00278  -0.0028 -0.00283  -0.0029   -0.003 -0.00312 -0.00327 -0.00345 -0.00366 -0.00391  -0.0042 -0.00456 -0.00503 -0.00567 -0.00652 -0.00734 -0.00665 -0.00202  0.00355  0.00355
       15| -0.00237 -0.00237 -0.00241 -0.00244 -0.00249 -0.00255 -0.00263 -0.00272 -0.00282 -0.00293 -0.00305 -0.00317 -0.00328 -0.00337 -0.00341 -0.00335 -0.00306 -0.00215-4.21e-05  0.00381  0.00731  0.00731
       14| -0.00205 -0.00205 -0.00209 -0.00213 -0.00217 -0.00222 -0.00227 -0.00233 -0.00238 -0.00243 -0.00246 -0.00246 -0.00242 -0.00229 -0.00204 -0.00155-0.000686 0.000753  0.00292  0.00566  0.00776  0.00776
       13| -0.00178 -0.00178 -0.00182 -0.00185 -0.00188 -0.00191 -0.00194 -0.00196 -0.00197 -0.00196 -0.00192 -0.00183 -0.00167 -0.00141-0.000992-0.000335 0.000638  0.00199  0.00365  0.00533  0.00645  0.00645
       12| -0.00154 -0.00154 -0.00157  -0.0016 -0.00162 -0.00163 -0.00163 -0.00163  -0.0016 -0.00154 -0.00145  -0.0013 -0.00108-0.000744-0.000266 0.000397  0.00127  0.00235   0.0035  0.00449  0.00505  0.00505
       11| -0.00133 -0.00133 -0.00136 -0.00137 -0.00138 -0.00138 -0.00136 -0.00133 -0.00128 -0.00119 -0.00106-0.000873-0.000616-0.000265 0.000202 0.000798  0.00152  0.00233  0.00311  0.00371  0.00399  0.00399
       10| -0.00114 -0.00114 -0.00116 -0.00117 -0.00117 -0.00116 -0.00113 -0.00108   -0.001-0.000891-0.000742-0.000541-0.000277 6.33e-05 0.000487 0.000993  0.00157  0.00216   0.0027  0.00308  0.00323  0.00323
        9|-0.000978-0.000978-0.000994-0.000997-0.000987-0.000963-0.000921-0.000859 -0.00077-0.000649-0.000491-0.000288-3.35e-05 0.000279 0.000649  0.00107  0.00152  0.00196  0.00234  0.00259  0.00268  0.00268
        8|-0.000836-0.000836-0.000848-0.000847-0.000831-0.000799-0.000749-0.000678-0.000582-0.000457-0.000298-0.000101 0.000137 0.000416 0.000734  0.00108  0.00143  0.00177  0.00204  0.00222  0.00227  0.00227
        7|-0.000715-0.000715-0.000725 -0.00072-0.000699-0.000662-0.000607-0.000531-0.000432-0.000306-0.000151 3.55e-05 0.000253 0.000501 0.000773  0.00106  0.00134   0.0016   0.0018  0.00193  0.00197  0.00197
        6|-0.000616-0.000616-0.000623-0.000615-0.000592-0.000551-0.000493-0.000414-0.000314 -0.00019-4.07e-05 0.000134 0.000332 0.000552 0.000786  0.00102  0.00125  0.00146  0.00162  0.00171  0.00174  0.00174
        5|-0.000538-0.000538-0.000543-0.000533-0.000507-0.000464-0.000404-0.000324-0.000224-0.000103 3.96e-05 0.000203 0.000385 0.000581 0.000786 0.000989  0.00118  0.00135  0.00147  0.00155  0.00157  0.00157
        4| -0.00048 -0.00048-0.000484-0.000472-0.000444  -0.0004-0.000338-0.000257-0.000158-4.01e-05 9.67e-05 0.000251 0.000419 0.000598 0.000781 0.000959  0.00112  0.00126  0.00137  0.00143  0.00145  0.00145
        3|-0.000442-0.000442-0.000445-0.000432-0.000402-0.000357-0.000294-0.000213-0.000114 2.09e-06 0.000135 0.000282 0.000442 0.000608 0.000776 0.000938  0.00109  0.00121   0.0013  0.00136  0.00137  0.00137
        2|-0.000424-0.000424-0.000426-0.000412-0.000381-0.000334 -0.00027-0.000188-8.93e-05 2.64e-05 0.000157 0.000302 0.000456 0.000615 0.000775 0.000927  0.00106  0.00118  0.00126  0.00131  0.00133  0.00133
        1|-0.000425-0.000425-0.000426-0.000412 -0.00038-0.000332-0.000266-0.000183-8.27e-05 3.39e-05 0.000166  0.00031 0.000463 0.000621 0.000779 0.000928  0.00106  0.00117  0.00126   0.0013  0.00132  0.00132
        0|-0.000425-0.000425-0.000426-0.000412 -0.00038-0.000332-0.000266-0.000183-8.27e-05 3.39e-05 0.000166  0.00031 0.000463 0.000621 0.000779 0.000928  0.00106  0.00117  0.00126   0.0013  0.00132  0.00132

