nCells: 20x20, dx: 0.1, dy: 0.1

p (22x22): 
         |        0        1        2        3        4        5        6        7        8        9       10       11       12       13       14       15       16       17       18       19       20       21
-------------------------------------------------------------------------------------------------------------------------------------------------------------------------------------------------------------------------
       21|  -0.0181  -0.0181  -0.0136  -0.0131  -0.0126  -0.0117  -0.0106 -0.00934 -0.00798  -0.0066 -0.00524  -0.0039 -0.00261 -0.00132 2.53e-05  0.00146  0.00326  0.00624   0.0126   0.0268   0.0521   0.0521
       20|  -0.0181  -0.0181  -0.0136  -0.0131  -0.0126  -0.0117  -0.0106 -0.00934 -0.00798  -0.0066 -0.00524  -0.0039 -0.00261 -0.00132 2.53e-05  0.00146  0.00326  0.00624   0.0126   0.0268   0.0521   0.0521
       19|  -0.0136  -0.0136  -0.0133  -0.0128  -0.0121  -0.0112    -0.01 -0.00882 -0.00753 -0.00622 -0.00491 -0.00362 -0.00234 -0.00107 0.000199  0.00152  0.00296  0.00488  0.00843   0.0164   0.0291   0.0291
       18|  -0.0111  -0.0111  -0.0111  -0.0108  -0.0103 -0.00963 -0.00875 -0.00774 -0.00664 -0.00548 -0.00429 -0.00308 -0.00185-0.000592 0.000729  0.00217  0.00383  0.00594  0.00906   0.0141   0.0196   0.0196
       17| -0.00942 -0.00942 -0.00942 -0.00922 -0.00884 -0.00828 -0.00756 -0.00671 -0.00576 -0.00474 -0.00367 -0.00255 -0.00138-0.000145  0.00118  0.00266  0.00439   0.0065   0.0092   0.0124    0.015    0.015
       16| -0.00812 -0.00812  -0.0081 -0.00793 -0.00761 -0.00713 -0.00652  -0.0058 -0.00497 -0.00407  -0.0031 -0.00207-0.000974 0.000196  0.00146  0.00287  0.00446  0.00629  0.00833   0.0103   0.0117   0.0117
       15| -0.00704 -0.00704 -0.00701 -0.00686 -0.00657 -0.00617 -0.00564 -0.00501 -0.00428 -0.00348  -0.0026 -0.00166-0.000659 0.000418  0.00158  0.00284  0.00421  0.00568  0.00715  0.00842  0.00913  0.00913
       14| -0.00614 -0.00614  -0.0061 -0.00596 -0.00571 -0.00535 -0.00489 -0.00433 -0.00369 -0.00297 -0.00219 -0.00134-0.000431 0.000538  0.00157  0.00266   0.0038  0.00494  0.00601  0.00684  0.00726  0.00726
       13| -0.00537 -0.00537 -0.00533  -0.0052 -0.00497 -0.00465 -0.00425 -0.00375 -0.00318 -0.00254 -0.00184 -0.00109-0.000277 0.000579  0.00147   0.0024  0.00333  0.00422    0.005  0.00557  0.00584  0.00584
       12| -0.00471 -0.00471 -0.00467 -0.00455 -0.00435 -0.00407  -0.0037 -0.00326 -0.00276 -0.00219 -0.00157-0.000895-0.000182 0.000564  0.00133  0.00211  0.00286  0.00356  0.00415  0.00456  0.00475  0.00475
       11| -0.00415 -0.00415 -0.00412 -0.00401 -0.00382 -0.00357 -0.00324 -0.00285  -0.0024  -0.0019 -0.00135-0.000756-0.000131 0.000516  0.00117  0.00182  0.00244  0.00299  0.00344  0.00375  0.00389  0.00389
       10| -0.00368 -0.00368 -0.00364 -0.00354 -0.00338 -0.00315 -0.00286 -0.00251 -0.00211 -0.00166 -0.00118-0.000655 -0.00011 0.000449  0.00101  0.00155  0.00206   0.0025  0.00286   0.0031   0.0032   0.0032
        9| -0.00328 -0.00328 -0.00324 -0.00315 -0.00301  -0.0028 -0.00254 -0.00223 -0.00187 -0.00147 -0.00104-0.000585-0.000109 0.000374 0.000852  0.00131  0.00173  0.00209  0.00238  0.00257  0.00264  0.00264
        8| -0.00294 -0.00294 -0.00291 -0.00283 -0.00269 -0.00251 -0.00227   -0.002 -0.00168 -0.00132 -0.00094-0.000537 -0.00012 0.000299  0.00071   0.0011  0.00145  0.00175  0.00199  0.00214   0.0022   0.0022
        7| -0.00266 -0.00266 -0.00263 -0.00256 -0.00244 -0.00227 -0.00206 -0.00181 -0.00152  -0.0012-0.000862-0.000504-0.000137  0.00023 0.000586  0.00092  0.00122  0.00147  0.00167  0.00179  0.00185  0.00185
        6| -0.00243 -0.00243 -0.00241 -0.00234 -0.00223 -0.00207 -0.00188 -0.00165 -0.00139 -0.00111-0.000803-0.000482-0.000156 0.000168 0.000481 0.000772  0.00103  0.00125  0.00141  0.00152  0.00156  0.00156
        5| -0.00225 -0.00225 -0.00223 -0.00217 -0.00206 -0.00192 -0.00174 -0.00154  -0.0013 -0.00104-0.000758-0.000468-0.000174 0.000117 0.000395 0.000653 0.000881  0.00107  0.00122  0.00131  0.00135  0.00135
        4| -0.00212 -0.00212  -0.0021 -0.00204 -0.00194 -0.00181 -0.00164 -0.00145 -0.00123-0.000984-0.000726-0.000459 -0.00019 7.56e-05 0.000329 0.000562 0.000767 0.000938  0.00107  0.00115  0.00118  0.00118
        3| -0.00202 -0.00202   -0.002 -0.00194 -0.00185 -0.00172 -0.00157 -0.00138 -0.00117-0.000947-0.000704-0.000454-0.000201 4.59e-05 0.000281 0.000497 0.000687 0.000844 0.000962  0.00104  0.00107  0.00107
        2| -0.00196 -0.00196 -0.00194 -0.00189  -0.0018 -0.00168 -0.00152 -0.00134 -0.00114-0.000924-0.000691 -0.00045-0.000209 2.79e-05 0.000252 0.000458 0.000638 0.000787 0.000899  0.00097 0.000998 0.000998
        1| -0.00194 -0.00194 -0.00192 -0.00187 -0.00178 -0.00166 -0.00151 -0.00133 -0.00113-0.000915-0.000685-0.000449-0.000211 2.15e-05 0.000242 0.000443  0.00062 0.000765 0.000875 0.000944 0.000972 0.000972
        0| -0.00194 -0.00194 -0.00192 -0.00187 -0.00178 -0.00166 -0.00151 -0.00133 -0.00113-0.000915-0.000685-0.000449-0.000211 2.15e-05 0.000242 0.000443  0.00062 0.000765 0.000875 0.000944 0.000972 0.000972

