nCells: 20x20, dx: 0.1, dy: 0.1

p (22x22): 
         |        0        1        2        3        4        5        6        7        8        9       10       11       12       13       14       15       16       17       18       19       20       21
-------------------------------------------------------------------------------------------------------------------------------------------------------------------------------------------------------------------------
       21| -0.00944 -0.00944 -0.00397 -0.00296 -0.00279 -0.00284   -0.003 -0.00322 -0.00352 -0.00392 -0.00444 -0.00512 -0.00604 -0.00729 -0.00899   -0.011  -0.0125 -0.00943  0.00648   0.0471     0.11     0.11
       20| -0.00944 -0.00944 -0.00397 -0.00296 -0.00279 -0.00284   -0.003 -0.00322 -0.00352 -0.00392 -0.00444 -0.00512 -0.00604 -0.00729 -0.00899   -0.011  -0.0125 -0.00943  0.00648   0.0471     0.11     0.11
       19|  -0.0054  -0.0054 -0.00474  -0.0041 -0.00374 -0.00361 -0.00363 -0.00375 -0.00398 -0.00432 -0.00479 -0.00543 -0.00633 -0.00758 -0.00938  -0.0118  -0.0147  -0.0163    -0.01   0.0134   0.0508   0.0508
       18| -0.00413 -0.00413 -0.00397  -0.0037 -0.00354  -0.0035 -0.00357 -0.00372 -0.00396 -0.00432 -0.00481 -0.00548 -0.00643 -0.00778 -0.00977  -0.0127  -0.0164  -0.0196  -0.0187 -0.00815  0.00911  0.00911
       17|  -0.0034  -0.0034 -0.00338 -0.00329 -0.00325 -0.00327 -0.00337 -0.00354  -0.0038 -0.00416 -0.00466 -0.00535 -0.00633 -0.00779    -0.01  -0.0134  -0.0181  -0.0229  -0.0244   -0.019 -0.00969 -0.00969
       16|  -0.0029  -0.0029 -0.00292 -0.00291 -0.00292 -0.00298  -0.0031 -0.00328 -0.00353 -0.00388 -0.00436 -0.00501 -0.00595 -0.00738 -0.00965  -0.0133  -0.0185  -0.0239  -0.0259  -0.0212  -0.0148  -0.0148
       15| -0.00249 -0.00249 -0.00253 -0.00255 -0.00259 -0.00267 -0.00278 -0.00295 -0.00317 -0.00347 -0.00388 -0.00444 -0.00523 -0.00642 -0.00833  -0.0114  -0.0158  -0.0202  -0.0213   -0.017  -0.0119  -0.0119
       14| -0.00214 -0.00214 -0.00217  -0.0022 -0.00225 -0.00232 -0.00243 -0.00256 -0.00274 -0.00297 -0.00327 -0.00368 -0.00423 -0.00504 -0.00629 -0.00823  -0.0109  -0.0133  -0.0131 -0.00902 -0.00509 -0.00509
       13| -0.00181 -0.00181 -0.00184 -0.00187 -0.00192 -0.00197 -0.00205 -0.00215 -0.00227 -0.00241  -0.0026 -0.00282 -0.00311 -0.00349 -0.00403 -0.00478 -0.00566  -0.0061 -0.00469-0.000961  0.00197  0.00197
       12|  -0.0015  -0.0015 -0.00153 -0.00155 -0.00159 -0.00162 -0.00167 -0.00172 -0.00178 -0.00184 -0.00191 -0.00196 -0.00201 -0.00204 -0.00201  -0.0019 -0.00156 -0.00059  0.00145  0.00452  0.00659  0.00659
       11| -0.00121 -0.00121 -0.00124 -0.00125 -0.00127 -0.00129  -0.0013 -0.00131 -0.00131 -0.00129 -0.00126 -0.00118 -0.00104-0.000814-0.000448 0.000133  0.00109  0.00252  0.00447  0.00666    0.008    0.008
       10|-0.000946-0.000946-0.000964-0.000973-0.000975-0.000969-0.000954-0.000924-0.000874-0.000796-0.000677-0.000501-0.000244 0.000129 0.000662  0.00143  0.00248  0.00381  0.00531  0.00666  0.00742  0.00742
        9|-0.000702-0.000702-0.000715-0.000716-0.000704 -0.00068-0.000639-0.000577-0.000488-0.000362-0.000188 5.07e-05 0.000375 0.000812  0.00139  0.00216   0.0031  0.00416   0.0052    0.006  0.00639  0.00639
        8|-0.000484-0.000484-0.000493-0.000486-0.000463-0.000422-0.000361-0.000274-0.000156 2.12e-06 0.000211 0.000483 0.000835  0.00128  0.00185  0.00253   0.0033  0.00411  0.00483  0.00533  0.00553  0.00553
        7|-0.000293-0.000293-0.000299-0.000285-0.000253  -0.0002-0.000123-1.82e-05  0.00012 0.000299 0.000526 0.000811  0.00116   0.0016  0.00211  0.00269  0.00332  0.00393  0.00445  0.00478  0.00489  0.00489
        6|-0.000132-0.000132-0.000135-0.000116-7.58e-05-1.33e-05 7.47e-05 0.000192 0.000343 0.000533 0.000768  0.00105  0.00139   0.0018  0.00225  0.00275  0.00325  0.00373  0.00411  0.00435  0.00442  0.00442
        5|-1.26e-06-1.26e-06-1.57e-06 2.13e-05 6.68e-05 0.000136 0.000232 0.000358 0.000517 0.000712 0.000948  0.00123  0.00155  0.00192  0.00232  0.00275  0.00317  0.00355  0.00384  0.00402  0.00408  0.00408
        4| 9.79e-05 9.79e-05 9.94e-05 0.000125 0.000175  0.00025 0.000351 0.000483 0.000646 0.000843  0.00108  0.00135  0.00166    0.002  0.00236  0.00273  0.00309   0.0034  0.00364  0.00379  0.00383  0.00383
        3| 0.000165 0.000165 0.000168 0.000196 0.000249 0.000327 0.000433 0.000568 0.000734 0.000933  0.00116  0.00143  0.00172  0.00204  0.00238  0.00271  0.00302   0.0033   0.0035  0.00363  0.00366  0.00366
        2|   0.0002   0.0002 0.000204 0.000233 0.000288 0.000369 0.000478 0.000616 0.000785 0.000985  0.00122  0.00148  0.00176  0.00207  0.00239   0.0027  0.00299  0.00324  0.00342  0.00354  0.00357  0.00357
        1| 0.000205 0.000205  0.00021 0.000239 0.000295 0.000378 0.000489 0.000629   0.0008    0.001  0.00123  0.00149  0.00178  0.00208  0.00239   0.0027  0.00298  0.00322   0.0034  0.00351  0.00354  0.00354
        0| 0.000205 0.000205  0.00021 0.000239 0.000295 0.000378 0.000489 0.000629   0.0008    0.001  0.00123  0.00149  0.00178  0.00208  0.00239   0.0027  0.00298  0.00322   0.0034  0.00351  0.00354  0.00354

