nCells: 20x20, dx: 0.1, dy: 0.1

p (22x22): 
         |        0        1        2        3        4        5        6        7        8        9       10       11       12       13       14       15       16       17       18       19       20       21
-------------------------------------------------------------------------------------------------------------------------------------------------------------------------------------------------------------------------
       21| -0.00838 -0.00838 -0.00295 -0.00202  -0.0019 -0.00198 -0.00216  -0.0024 -0.00271 -0.00311 -0.00361 -0.00427 -0.00515 -0.00639  -0.0082  -0.0108  -0.0138  -0.0137  -0.0005   0.0399    0.105    0.105
       20| -0.00838 -0.00838 -0.00295 -0.00202  -0.0019 -0.00198 -0.00216  -0.0024 -0.00271 -0.00311 -0.00361 -0.00427 -0.00515 -0.00639  -0.0082  -0.0108  -0.0138  -0.0137  -0.0005   0.0399    0.105    0.105
       19| -0.00437 -0.00437 -0.00374 -0.00315 -0.00283 -0.00272 -0.00276 -0.00289 -0.00312 -0.00345  -0.0039  -0.0045 -0.00533 -0.00651  -0.0083  -0.0111  -0.0153  -0.0204  -0.0181  0.00433   0.0434   0.0434
       18| -0.00308 -0.00308 -0.00294  -0.0027 -0.00258 -0.00256 -0.00263 -0.00278 -0.00301 -0.00333 -0.00376 -0.00434 -0.00515 -0.00631 -0.00812  -0.0111  -0.0158  -0.0222  -0.0258  -0.0162   0.0032   0.0032
       17| -0.00235 -0.00235 -0.00234 -0.00227 -0.00224 -0.00227 -0.00236 -0.00251 -0.00273 -0.00303 -0.00343 -0.00397 -0.00471 -0.00577 -0.00742  -0.0101  -0.0146  -0.0207  -0.0248   -0.019 -0.00821 -0.00821
       16| -0.00185 -0.00185 -0.00188 -0.00188 -0.00189 -0.00195 -0.00204 -0.00219 -0.00238 -0.00264 -0.00297  -0.0034 -0.00399  -0.0048   -0.006 -0.00791  -0.0109  -0.0146  -0.0166  -0.0121 -0.00547 -0.00547
       15| -0.00146 -0.00146  -0.0015 -0.00153 -0.00156 -0.00162 -0.00171 -0.00183 -0.00198 -0.00217 -0.00241  -0.0027 -0.00307 -0.00355 -0.00418 -0.00505 -0.00624 -0.00737 -0.00686 -0.00275  0.00172  0.00172
       14| -0.00114 -0.00114 -0.00117 -0.00121 -0.00124  -0.0013 -0.00136 -0.00145 -0.00155 -0.00167 -0.00181 -0.00195 -0.00211 -0.00225 -0.00237 -0.00242 -0.00228 -0.00156  0.00038  0.00402  0.00714  0.00714
       13|-0.000849-0.000849-0.000883-0.000912-0.000944-0.000982 -0.00103 -0.00107 -0.00112 -0.00117 -0.00121 -0.00123  -0.0012 -0.00109-0.000861-0.000414 0.000419  0.00183  0.00396  0.00668  0.00871  0.00871
       12|-0.000591-0.000591 -0.00062-0.000643-0.000664-0.000685-0.000704-0.000717 -0.00072-0.000706-0.000664-0.000576-0.000419-0.000154  0.00027  0.00094  0.00194  0.00331  0.00501  0.00671  0.00786  0.00786
       11|-0.000358-0.000358-0.000382-0.000397-0.000407-0.000411-0.000406-0.000388-0.000352-0.000289-0.000186-2.84e-05 0.000208 0.000555  0.00105  0.00175  0.00266  0.00378  0.00496  0.00597  0.00654  0.00654
       10|-0.000148-0.000148-0.000167-0.000175-0.000174-0.000163-0.000138-9.48e-05 -2.8e-05  7.1e-05 0.000213 0.000413 0.000688  0.00106  0.00155  0.00219  0.00295  0.00379  0.00459   0.0052  0.00548  0.00548
        9| 3.84e-05 3.84e-05 2.39e-05 2.23e-05 3.28e-05  5.7e-05 9.81e-05  0.00016 0.000249 0.000371 0.000536 0.000755  0.00104   0.0014  0.00186   0.0024    0.003  0.00363  0.00419  0.00457  0.00472  0.00472
        8| 0.000202 0.000202 0.000191 0.000195 0.000213 0.000248 0.000301 0.000376 0.000479 0.000615 0.000791  0.00101  0.00129  0.00163  0.00203  0.00248  0.00296  0.00343  0.00382  0.00408  0.00417  0.00417
        7| 0.000342 0.000342 0.000335 0.000343 0.000367 0.000409  0.00047 0.000555 0.000666 0.000809 0.000987   0.0012  0.00147  0.00177  0.00212  0.00249  0.00287  0.00323  0.00352  0.00371  0.00376  0.00376
        6| 0.000459 0.000459 0.000454 0.000466 0.000494 0.000541 0.000609 0.000699 0.000815 0.000959  0.00113  0.00134  0.00159  0.00186  0.00216  0.00247  0.00278  0.00306  0.00328  0.00342  0.00346  0.00346
        5| 0.000553 0.000553 0.000549 0.000563 0.000596 0.000646 0.000718 0.000811 0.000929  0.00107  0.00124  0.00144  0.00167  0.00191  0.00218  0.00244   0.0027  0.00292   0.0031  0.00321  0.00324  0.00324
        4| 0.000623 0.000623 0.000621 0.000637 0.000671 0.000725 0.000799 0.000894  0.00101  0.00115  0.00132  0.00151  0.00172  0.00195  0.00218  0.00241  0.00263  0.00282  0.00297  0.00305  0.00308  0.00308
        3| 0.000669 0.000669 0.000668 0.000686 0.000722 0.000778 0.000854 0.000951  0.00107  0.00121  0.00137  0.00155  0.00175  0.00196  0.00218  0.00239  0.00259  0.00275  0.00288  0.00295  0.00297  0.00297
        2| 0.000692 0.000692 0.000692 0.000711 0.000749 0.000806 0.000884 0.000982   0.0011  0.00124   0.0014  0.00158  0.00177  0.00198  0.00218  0.00238  0.00256  0.00271  0.00283  0.00289  0.00291  0.00291
        1| 0.000693 0.000693 0.000694 0.000713 0.000752 0.000811  0.00089  0.00099  0.00111  0.00125  0.00141  0.00159  0.00178  0.00198  0.00219  0.00238  0.00255   0.0027  0.00281  0.00288   0.0029   0.0029
        0| 0.000693 0.000693 0.000694 0.000713 0.000752 0.000811  0.00089  0.00099  0.00111  0.00125  0.00141  0.00159  0.00178  0.00198  0.00219  0.00238  0.00255   0.0027  0.00281  0.00288   0.0029   0.0029

