nCells: 20x20, dx: 0.1, dy: 0.1

p (22x22): 
         |        0        1        2        3        4        5        6        7        8        9       10       11       12       13       14       15       16       17       18       19       20       21
-------------------------------------------------------------------------------------------------------------------------------------------------------------------------------------------------------------------------
       21|  -0.0221  -0.0221   -0.017  -0.0155  -0.0139  -0.0121  -0.0103 -0.00847 -0.00674 -0.00508 -0.00349 -0.00195-0.000423  0.00115  0.00277  0.00455  0.00671  0.00981   0.0153   0.0263   0.0459   0.0459
       20|  -0.0221  -0.0221   -0.017  -0.0155  -0.0139  -0.0121  -0.0103 -0.00847 -0.00674 -0.00508 -0.00349 -0.00195-0.000423  0.00115  0.00277  0.00455  0.00671  0.00981   0.0153   0.0263   0.0459   0.0459
       19|  -0.0165  -0.0165  -0.0158  -0.0146   -0.013  -0.0114 -0.00968   -0.008 -0.00637 -0.00479 -0.00326 -0.00176-0.000274  0.00123  0.00281  0.00449  0.00638  0.00873   0.0123   0.0186    0.028    0.028
       18|  -0.0132  -0.0132  -0.0129  -0.0122  -0.0111 -0.00989 -0.00852 -0.00711 -0.00568 -0.00426 -0.00284 -0.00143 3.64e-06  0.00148  0.00303  0.00473  0.00665  0.00897    0.012   0.0161   0.0201   0.0201
       17|  -0.0109  -0.0109  -0.0108  -0.0103 -0.00948 -0.00851 -0.00741 -0.00622 -0.00497  -0.0037 -0.00241  -0.0011 0.000255  0.00166  0.00315  0.00477  0.00658  0.00866   0.0111   0.0136   0.0155   0.0155
       16| -0.00921 -0.00921 -0.00907 -0.00869 -0.00809 -0.00731  -0.0064 -0.00539 -0.00431 -0.00318 -0.00201-0.000805 0.000445  0.00175  0.00313   0.0046  0.00619   0.0079  0.00967   0.0113   0.0123   0.0123
       15| -0.00783 -0.00783 -0.00772 -0.00741 -0.00692 -0.00628 -0.00551 -0.00465  -0.0037  -0.0027 -0.00166-0.000564 0.000571  0.00175  0.00299  0.00428  0.00561  0.00697  0.00826  0.00931  0.00988  0.00988
       14| -0.00669 -0.00669 -0.00659 -0.00633 -0.00593 -0.00539 -0.00474 -0.00399 -0.00317 -0.00229 -0.00135-0.000375 0.000641  0.00169  0.00278  0.00388  0.00499  0.00605  0.00701  0.00773  0.00809  0.00809
       13| -0.00574 -0.00574 -0.00565 -0.00544 -0.00509 -0.00463 -0.00407 -0.00342  -0.0027 -0.00193  -0.0011-0.000232 0.000667  0.00159  0.00253  0.00346  0.00437  0.00522  0.00594  0.00645   0.0067   0.0067
       12| -0.00494 -0.00494 -0.00486 -0.00468 -0.00438 -0.00399  -0.0035 -0.00294 -0.00231 -0.00162-0.000892-0.000128 0.000661  0.00147  0.00227  0.00306  0.00381  0.00448  0.00504  0.00542   0.0056   0.0056
       11| -0.00426 -0.00426  -0.0042 -0.00404 -0.00378 -0.00344 -0.00301 -0.00252 -0.00197 -0.00137-0.000727-5.55e-05 0.000635  0.00133  0.00202  0.00269  0.00331  0.00385  0.00429  0.00459  0.00472  0.00472
       10|  -0.0037  -0.0037 -0.00364  -0.0035 -0.00327 -0.00297  -0.0026 -0.00217 -0.00169 -0.00116-0.000595-6.45e-06 0.000595   0.0012  0.00179  0.00235  0.00287  0.00331  0.00367   0.0039  0.00401  0.00401
        9| -0.00322 -0.00322 -0.00317 -0.00305 -0.00285 -0.00259 -0.00226 -0.00188 -0.00145-0.000987-0.000491 2.53e-05 0.000551  0.00107  0.00158  0.00206  0.00249  0.00286  0.00315  0.00334  0.00343  0.00343
        8| -0.00282 -0.00282 -0.00278 -0.00267  -0.0025 -0.00226 -0.00197 -0.00164 -0.00126-0.000847-0.000409 4.47e-05 0.000505 0.000961   0.0014  0.00181  0.00218  0.00249  0.00273  0.00289  0.00296  0.00296
        7|  -0.0025  -0.0025 -0.00246 -0.00236  -0.0022   -0.002 -0.00174 -0.00144  -0.0011-0.000735-0.000346 5.58e-05 0.000462 0.000862  0.00125   0.0016  0.00192  0.00218  0.00239  0.00252  0.00258  0.00258
        6| -0.00223 -0.00223  -0.0022 -0.00211 -0.00197 -0.00178 -0.00155 -0.00128-0.000975-0.000646-0.000298 6.15e-05 0.000423 0.000778  0.00112  0.00143  0.00171  0.00194  0.00211  0.00223  0.00228  0.00228
        5| -0.00202 -0.00202 -0.00199 -0.00191 -0.00178 -0.00161  -0.0014 -0.00115-0.000876-0.000577-0.000261 6.39e-05  0.00039 0.000709  0.00101  0.00129  0.00154  0.00174   0.0019    0.002  0.00204  0.00204
        4| -0.00186 -0.00186 -0.00183 -0.00176 -0.00164 -0.00148 -0.00128 -0.00106-0.000802-0.000525-0.000234 6.45e-05 0.000364 0.000656 0.000932  0.00119  0.00141  0.00159  0.00173  0.00182  0.00186  0.00186
        3| -0.00175 -0.00175 -0.00172 -0.00165 -0.00154 -0.00139  -0.0012-0.000988-0.000749-0.000489-0.000216 6.44e-05 0.000344 0.000617 0.000875  0.00111  0.00132  0.00149  0.00162   0.0017  0.00173  0.00173
        2| -0.00168 -0.00168 -0.00165 -0.00158 -0.00147 -0.00133 -0.00115-0.000946-0.000716-0.000466-0.000204 6.42e-05 0.000332 0.000593 0.000839  0.00106  0.00126  0.00142  0.00154  0.00162  0.00166  0.00166
        1| -0.00165 -0.00165 -0.00162 -0.00155 -0.00145 -0.00131 -0.00113-0.000929-0.000702-0.000457-0.000199 6.44e-05 0.000327 0.000583 0.000824  0.00104  0.00124  0.00139  0.00151  0.00159  0.00162  0.00162
        0| -0.00165 -0.00165 -0.00162 -0.00155 -0.00145 -0.00131 -0.00113-0.000929-0.000702-0.000457-0.000199 6.44e-05 0.000327 0.000583 0.000824  0.00104  0.00124  0.00139  0.00151  0.00159  0.00162  0.00162

