nCells: 20x20, dx: 0.1, dy: 0.1

p (22x22): 
         |        0        1        2        3        4        5        6        7        8        9       10       11       12       13       14       15       16       17       18       19       20       21
-------------------------------------------------------------------------------------------------------------------------------------------------------------------------------------------------------------------------
       21|  -0.0295  -0.0295  -0.0224  -0.0184  -0.0152  -0.0123 -0.00989 -0.00769 -0.00569 -0.00382 -0.00203-0.000282  0.00148  0.00329  0.00521  0.00734  0.00983    0.013   0.0176   0.0253    0.039    0.039
       20|  -0.0295  -0.0295  -0.0224  -0.0184  -0.0152  -0.0123 -0.00989 -0.00769 -0.00569 -0.00382 -0.00203-0.000282  0.00148  0.00329  0.00521  0.00734  0.00983    0.013   0.0176   0.0253    0.039    0.039
       19|  -0.0218  -0.0218  -0.0196  -0.0169  -0.0142  -0.0117 -0.00943 -0.00738 -0.00547 -0.00367 -0.00193-0.000229  0.00148  0.00325  0.00511  0.00713  0.00941   0.0121   0.0155   0.0202   0.0262   0.0262
       18|   -0.017   -0.017   -0.016  -0.0144  -0.0125  -0.0105 -0.00861  -0.0068 -0.00506 -0.00339 -0.00175-0.000128  0.00151   0.0032  0.00497  0.00688  0.00898   0.0113   0.0141   0.0171   0.0197   0.0197
       17|  -0.0138  -0.0138  -0.0133  -0.0122  -0.0108 -0.00928 -0.00771 -0.00614 -0.00459 -0.00307 -0.00155-3.94e-05  0.00149  0.00307  0.00471  0.00643  0.00827   0.0102   0.0123   0.0142   0.0155   0.0155
       16|  -0.0115  -0.0115  -0.0111  -0.0104 -0.00932 -0.00812 -0.00682 -0.00547 -0.00411 -0.00274 -0.00136  2.8e-05  0.00144  0.00287  0.00435  0.00586  0.00742  0.00899   0.0105   0.0117   0.0125   0.0125
       15| -0.00967 -0.00967  -0.0094 -0.00883 -0.00803 -0.00706 -0.00598 -0.00483 -0.00364 -0.00242 -0.00118 7.39e-05  0.00134  0.00263  0.00393  0.00525  0.00654  0.00779  0.00891  0.00977   0.0102   0.0102
       14|  -0.0082  -0.0082 -0.00799 -0.00755 -0.00691 -0.00612 -0.00522 -0.00424  -0.0032 -0.00212 -0.00102 0.000101  0.00123  0.00237  0.00351  0.00463  0.00571   0.0067  0.00756  0.00818   0.0085   0.0085
       13| -0.00699 -0.00699 -0.00683 -0.00648 -0.00596  -0.0053 -0.00454  -0.0037  -0.0028 -0.00185 -0.00088 0.000112  0.00111  0.00211   0.0031  0.00405  0.00495  0.00575  0.00642  0.00689  0.00712  0.00712
       12|   -0.006   -0.006 -0.00586 -0.00557 -0.00514  -0.0046 -0.00395 -0.00323 -0.00244 -0.00162-0.000761 0.000112  0.00099  0.00186  0.00271  0.00352  0.00427  0.00493  0.00546  0.00583  0.00601  0.00601
       11| -0.00517 -0.00517 -0.00506 -0.00482 -0.00446 -0.00399 -0.00344 -0.00281 -0.00213 -0.00141-0.000662 0.000104 0.000873  0.00163  0.00236  0.00306  0.00368  0.00423  0.00466  0.00496  0.00509  0.00509
       10| -0.00448 -0.00448 -0.00438 -0.00418 -0.00387 -0.00348   -0.003 -0.00246 -0.00187 -0.00124-0.000579 9.13e-05 0.000763  0.00142  0.00206  0.00265  0.00318  0.00363  0.00399  0.00423  0.00435  0.00435
        9|  -0.0039  -0.0039 -0.00382 -0.00365 -0.00338 -0.00304 -0.00263 -0.00216 -0.00164 -0.00109-0.000512 7.63e-05 0.000664  0.00124  0.00179   0.0023  0.00275  0.00314  0.00344  0.00364  0.00373  0.00373
        8| -0.00343 -0.00343 -0.00336 -0.00321 -0.00298 -0.00268 -0.00232 -0.00191 -0.00145-0.000965-0.000457 6.06e-05 0.000577  0.00108  0.00156    0.002  0.00239  0.00272  0.00298  0.00315  0.00323  0.00323
        7| -0.00303 -0.00303 -0.00297 -0.00284 -0.00264 -0.00238 -0.00206  -0.0017 -0.00129-0.000863-0.000413 4.53e-05 0.000502 0.000946  0.00137  0.00175  0.00209  0.00238   0.0026  0.00274  0.00281  0.00281
        6| -0.00272 -0.00272 -0.00266 -0.00255 -0.00237 -0.00213 -0.00185 -0.00153 -0.00117-0.000781-0.000378 3.15e-05 0.000439 0.000835  0.00121  0.00155  0.00185   0.0021  0.00229  0.00242  0.00248  0.00248
        5| -0.00247 -0.00247 -0.00242 -0.00231 -0.00215 -0.00194 -0.00168 -0.00139 -0.00106-0.000716-0.000351 1.96e-05 0.000388 0.000745  0.00108  0.00139  0.00166  0.00188  0.00205  0.00217  0.00222  0.00222
        4| -0.00227 -0.00227 -0.00223 -0.00213 -0.00198 -0.00179 -0.00156 -0.00129-0.000987-0.000666-0.000331 9.85e-06 0.000348 0.000675 0.000983  0.00126  0.00151  0.00171  0.00187  0.00197  0.00202  0.00202
        3| -0.00214 -0.00214 -0.00209   -0.002 -0.00187 -0.00168 -0.00146 -0.00121-0.000931 -0.00063-0.000316 2.59e-06 0.000319 0.000625 0.000912  0.00117   0.0014  0.00159  0.00174  0.00183  0.00188  0.00188
        2| -0.00205 -0.00205 -0.00201 -0.00192 -0.00179 -0.00162 -0.00141 -0.00116-0.000895-0.000608-0.000307-2.11e-06   0.0003 0.000593 0.000867  0.00112  0.00133  0.00151  0.00165  0.00174  0.00179  0.00179
        1| -0.00201 -0.00201 -0.00197 -0.00188 -0.00176 -0.00159 -0.00138 -0.00114-0.000879-0.000597-0.000303 -4.2e-06 0.000292 0.000578 0.000847  0.00109   0.0013  0.00148  0.00161   0.0017  0.00174  0.00174
        0| -0.00201 -0.00201 -0.00197 -0.00188 -0.00176 -0.00159 -0.00138 -0.00114-0.000879-0.000597-0.000303 -4.2e-06 0.000292 0.000578 0.000847  0.00109   0.0013  0.00148  0.00161   0.0017  0.00174  0.00174

