nCells: 20x20, dx: 0.1, dy: 0.1

p (22x22): 
         |        0        1        2        3        4        5        6        7        8        9       10       11       12       13       14       15       16       17       18       19       20       21
-------------------------------------------------------------------------------------------------------------------------------------------------------------------------------------------------------------------------
       21|  -0.0106  -0.0106 -0.00562 -0.00528 -0.00565 -0.00606 -0.00637 -0.00653 -0.00654 -0.00639 -0.00611 -0.00575 -0.00538 -0.00511 -0.00511 -0.00555 -0.00591 -0.00395  0.00524   0.0307   0.0738   0.0738
       20|  -0.0106  -0.0106 -0.00562 -0.00528 -0.00565 -0.00606 -0.00637 -0.00653 -0.00654 -0.00639 -0.00611 -0.00575 -0.00538 -0.00511 -0.00511 -0.00555 -0.00591 -0.00395  0.00524   0.0307   0.0738   0.0738
       19| -0.00682 -0.00682 -0.00644 -0.00625 -0.00626 -0.00636 -0.00644 -0.00644 -0.00633 -0.00611  -0.0058 -0.00541 -0.00501  -0.0047 -0.00462 -0.00502 -0.00605 -0.00684 -0.00382   0.0098   0.0337   0.0337
       18| -0.00539 -0.00539 -0.00541 -0.00541 -0.00548 -0.00555 -0.00559 -0.00556 -0.00544 -0.00523 -0.00493 -0.00457 -0.00418 -0.00382 -0.00357 -0.00354  -0.0038 -0.00411 -0.00258  0.00513   0.0166   0.0166
       17| -0.00452 -0.00452  -0.0046 -0.00465  -0.0047 -0.00475 -0.00475  -0.0047 -0.00456 -0.00434 -0.00405 -0.00368 -0.00327 -0.00282 -0.00235 -0.00185 -0.00121-0.000119  0.00237  0.00758   0.0132   0.0132
       16| -0.00387 -0.00387 -0.00394 -0.00399 -0.00403 -0.00404 -0.00402 -0.00393 -0.00378 -0.00355 -0.00324 -0.00286  -0.0024 -0.00186 -0.00122-0.000388 0.000757  0.00247   0.0051  0.00868   0.0117   0.0117
       15| -0.00334 -0.00334 -0.00339 -0.00343 -0.00344 -0.00343 -0.00338 -0.00327 -0.00309 -0.00285 -0.00254 -0.00214 -0.00165 -0.00105 -0.00031 0.000638  0.00189  0.00355  0.00565  0.00789  0.00945  0.00945
       14| -0.00288 -0.00288 -0.00292 -0.00294 -0.00294  -0.0029 -0.00282 -0.00269 -0.00251 -0.00226 -0.00193 -0.00153 -0.00103 -0.00042 0.000327  0.00125  0.00239  0.00375  0.00525  0.00661  0.00741  0.00741
       13| -0.00248 -0.00248 -0.00251 -0.00251 -0.00249 -0.00244 -0.00235 -0.00221 -0.00201 -0.00175 -0.00143 -0.00103-0.000547 3.64e-05 0.000733  0.00156  0.00251  0.00356   0.0046  0.00544  0.00587  0.00587
       12| -0.00213 -0.00213 -0.00215 -0.00214 -0.00211 -0.00204 -0.00194 -0.00179 -0.00159 -0.00134 -0.00103-0.000644-0.000189 0.000347 0.000966  0.00167  0.00244  0.00323  0.00396   0.0045  0.00474  0.00474
       11| -0.00182 -0.00182 -0.00183 -0.00182 -0.00178  -0.0017 -0.00159 -0.00144 -0.00125   -0.001-0.000704-0.000348  6.8e-05 0.000546  0.00108  0.00167  0.00228  0.00288   0.0034  0.00376  0.00391  0.00391
       10| -0.00155 -0.00155 -0.00156 -0.00154 -0.00149 -0.00141  -0.0013 -0.00115-0.000965-0.000732-0.000453-0.000127 0.000247 0.000665  0.00112   0.0016  0.00209  0.00254  0.00293  0.00318  0.00328  0.00328
        9| -0.00132 -0.00132 -0.00132  -0.0013 -0.00125 -0.00117 -0.00106-0.000916-0.000735-0.000517 -0.00026 3.55e-05 0.000367 0.000731  0.00112  0.00151   0.0019  0.00225  0.00254  0.00273  0.00279  0.00279
        8| -0.00112 -0.00112 -0.00112  -0.0011 -0.00105-0.000969-0.000861-0.000722-0.000551-0.000348-0.000113 0.000153 0.000447 0.000762  0.00109  0.00142  0.00173  0.00201  0.00223  0.00237  0.00242  0.00242
        7|-0.000954-0.000954-0.000954-0.000929-0.000879-0.000802-0.000698-0.000566-0.000405-0.000217 -2.1e-06 0.000237 0.000497 0.000771  0.00105  0.00133  0.00158  0.00181  0.00198  0.00209  0.00213  0.00213
        6|-0.000818-0.000818-0.000817-0.000792-0.000742-0.000667-0.000567-0.000442-0.000292-0.000117 8.03e-05 0.000297 0.000529  0.00077  0.00101  0.00125  0.00146  0.00165  0.00179  0.00187   0.0019   0.0019
        5|-0.000712-0.000712-0.000709-0.000684-0.000635-0.000562-0.000466-0.000347-0.000205-4.16e-05  0.00014 0.000338 0.000548 0.000762 0.000975  0.00118  0.00136  0.00152  0.00164  0.00171  0.00173  0.00173
        4|-0.000631-0.000631-0.000628-0.000603-0.000555-0.000484-0.000391-0.000276-0.000141 1.29e-05 0.000183 0.000367 0.000559 0.000754 0.000946  0.00113  0.00129  0.00143  0.00153  0.00159  0.00161  0.00161
        3|-0.000577-0.000577-0.000573-0.000548  -0.0005-0.000431 -0.00034-0.000228-9.79e-05 4.99e-05 0.000212 0.000386 0.000566 0.000747 0.000925  0.00109  0.00124  0.00136  0.00145  0.00151  0.00152  0.00152
        2|-0.000548-0.000548-0.000543-0.000517 -0.00047-0.000401-0.000311-0.000201-7.28e-05 7.16e-05 0.000229 0.000397 0.000571 0.000744 0.000913  0.00107  0.00121  0.00132  0.00141  0.00146  0.00148  0.00148
        1|-0.000542-0.000542-0.000538-0.000511-0.000463-0.000393-0.000303-0.000193-6.48e-05 7.92e-05 0.000236 0.000403 0.000574 0.000746 0.000912  0.00107   0.0012  0.00131   0.0014  0.00145  0.00146  0.00146
        0|-0.000542-0.000542-0.000538-0.000511-0.000463-0.000393-0.000303-0.000193-6.48e-05 7.92e-05 0.000236 0.000403 0.000574 0.000746 0.000912  0.00107   0.0012  0.00131   0.0014  0.00145  0.00146  0.00146

