nCells: 20x20, dx: 0.1, dy: 0.1

p (22x22): 
         |        0        1        2        3        4        5        6        7        8        9       10       11       12       13       14       15       16       17       18       19       20       21
-------------------------------------------------------------------------------------------------------------------------------------------------------------------------------------------------------------------------
       21|  -0.0124  -0.0124  -0.0077 -0.00754 -0.00789 -0.00811 -0.00809 -0.00784 -0.00737 -0.00675 -0.00601 -0.00521 -0.00443 -0.00375 -0.00324 -0.00287 -0.00204 0.000483  0.00858   0.0295   0.0656   0.0656
       20|  -0.0124  -0.0124  -0.0077 -0.00754 -0.00789 -0.00811 -0.00809 -0.00784 -0.00737 -0.00675 -0.00601 -0.00521 -0.00443 -0.00375 -0.00324 -0.00287 -0.00204 0.000483  0.00858   0.0295   0.0656   0.0656
       19| -0.00859 -0.00859 -0.00832 -0.00821 -0.00816 -0.00808 -0.00787  -0.0075 -0.00699 -0.00635 -0.00562 -0.00484 -0.00406 -0.00335 -0.00278 -0.00243 -0.00234  -0.0017  0.00163    0.013   0.0323   0.0323
       18| -0.00693 -0.00693   -0.007 -0.00701 -0.00702 -0.00694 -0.00675 -0.00643 -0.00598 -0.00542 -0.00476 -0.00404  -0.0033 -0.00255 -0.00183 -0.00114-0.000448 0.000558   0.0031  0.00979   0.0188   0.0188
       17| -0.00587 -0.00587 -0.00596 -0.00599 -0.00598 -0.00589 -0.00571 -0.00541 -0.00501  -0.0045  -0.0039 -0.00323 -0.00249  -0.0017-0.000834 0.000155  0.00139  0.00315  0.00602   0.0105   0.0149   0.0149
       16| -0.00505 -0.00505 -0.00512 -0.00513  -0.0051   -0.005 -0.00482 -0.00454 -0.00416 -0.00369 -0.00313 -0.00249 -0.00176-0.000939 5.18e-06  0.00113  0.00256  0.00444  0.00693  0.00986   0.0121   0.0121
       15| -0.00437 -0.00437 -0.00441 -0.00441 -0.00436 -0.00425 -0.00406 -0.00379 -0.00343 -0.00299 -0.00246 -0.00185 -0.00114 -0.00033 0.000611  0.00173  0.00307   0.0047  0.00655  0.00835  0.00949  0.00949
       14| -0.00378 -0.00378 -0.00381 -0.00379 -0.00372  -0.0036 -0.00341 -0.00315 -0.00281 -0.00239  -0.0019 -0.00132-0.000651 0.000115 0.000994  0.00201  0.00316  0.00445  0.00576  0.00687  0.00748  0.00748
       13| -0.00327 -0.00327 -0.00328 -0.00326 -0.00318 -0.00305 -0.00286 -0.00261 -0.00229  -0.0019 -0.00144-0.000897-0.000281 0.000417   0.0012  0.00208  0.00303  0.00401  0.00494  0.00566    0.006    0.006
       12| -0.00282 -0.00282 -0.00283 -0.00279 -0.00271 -0.00258  -0.0024 -0.00216 -0.00186 -0.00149 -0.00106-0.000572-1.53e-05 0.000606  0.00129  0.00202  0.00279  0.00354  0.00421  0.00469   0.0049   0.0049
       11| -0.00244 -0.00244 -0.00244  -0.0024 -0.00231 -0.00219 -0.00201 -0.00178  -0.0015 -0.00116-0.000772-0.000327 0.000169 0.000713   0.0013  0.00191  0.00252   0.0031  0.00358  0.00392  0.00406  0.00406
       10|  -0.0021  -0.0021  -0.0021 -0.00206 -0.00197 -0.00185 -0.00168 -0.00147 -0.00121-0.000898-0.000544-0.000146 0.000292 0.000763  0.00126  0.00176  0.00225   0.0027  0.00307  0.00332  0.00341  0.00341
        9| -0.00181 -0.00181 -0.00181 -0.00177 -0.00169 -0.00157 -0.00141 -0.00121-0.000969-0.000688-0.000369-1.49e-05  0.00037 0.000777   0.0012  0.00162  0.00201  0.00237  0.00265  0.00283  0.00291  0.00291
        8| -0.00157 -0.00157 -0.00156 -0.00152 -0.00145 -0.00133 -0.00118-0.000999-0.000778-0.000523-0.000236 7.94e-05 0.000417  0.00077  0.00113  0.00148   0.0018  0.00209  0.00231  0.00245  0.00251  0.00251
        7| -0.00137 -0.00137 -0.00136 -0.00132 -0.00125 -0.00114   -0.001 -0.00083-0.000627-0.000394-0.000135 0.000146 0.000444 0.000751  0.00106  0.00135  0.00163  0.00186  0.00204  0.00215  0.00219  0.00219
        6|  -0.0012  -0.0012  -0.0012 -0.00116 -0.00109-0.000986-0.000855-0.000696-0.000508-0.000295-6.01e-05 0.000193 0.000458 0.000728 0.000995  0.00125  0.00148  0.00167  0.00182  0.00192  0.00195  0.00195
        5| -0.00107 -0.00107 -0.00106 -0.00103 -0.00096-0.000864-0.000741-0.000592-0.000417 -0.00022-4.94e-06 0.000225 0.000464 0.000705 0.000941  0.00116  0.00136  0.00153  0.00166  0.00173  0.00176  0.00176
        4|-0.000974-0.000974-0.000965-0.000929-0.000864-0.000773-0.000656-0.000514 -0.00035-0.000166 3.45e-05 0.000247 0.000466 0.000685 0.000898   0.0011  0.00127  0.00142  0.00153   0.0016  0.00162  0.00162
        3|-0.000906-0.000906-0.000897-0.000861-0.000798 -0.00071-0.000597-0.000461-0.000304-0.000129 6.12e-05 0.000261 0.000466 0.000671 0.000868  0.00105  0.00121  0.00135  0.00145  0.00151  0.00153  0.00153
        2|-0.000867-0.000867-0.000858-0.000822 -0.00076-0.000674-0.000563 -0.00043-0.000277-0.000106 7.72e-05  0.00027 0.000467 0.000662  0.00085  0.00102  0.00118   0.0013   0.0014  0.00146  0.00148  0.00148
        1|-0.000857-0.000857-0.000847-0.000811-0.000749-0.000663-0.000552-0.000419-0.000267-9.83e-05 8.37e-05 0.000274 0.000469 0.000661 0.000846  0.00102  0.00117  0.00129  0.00138  0.00144  0.00146  0.00146
        0|-0.000857-0.000857-0.000847-0.000811-0.000749-0.000663-0.000552-0.000419-0.000267-9.83e-05 8.37e-05 0.000274 0.000469 0.000661 0.000846  0.00102  0.00117  0.00129  0.00138  0.00144  0.00146  0.00146

