nCells: 20x20, dx: 0.1, dy: 0.1

p (22x22): 
         |        0        1        2        3        4        5        6        7        8        9       10       11       12       13       14       15       16       17       18       19       20       21
-------------------------------------------------------------------------------------------------------------------------------------------------------------------------------------------------------------------------
       21| -0.00977 -0.00977 -0.00468 -0.00421 -0.00451 -0.00492  -0.0053 -0.00561 -0.00582 -0.00591  -0.0059 -0.00582 -0.00572 -0.00573 -0.00604 -0.00694 -0.00814 -0.00673  0.00306   0.0313    0.079    0.079
       20| -0.00977 -0.00977 -0.00468 -0.00421 -0.00451 -0.00492  -0.0053 -0.00561 -0.00582 -0.00591  -0.0059 -0.00582 -0.00572 -0.00573 -0.00604 -0.00694 -0.00814 -0.00673  0.00306   0.0313    0.079    0.079
       19|   -0.006   -0.006 -0.00555 -0.00529 -0.00526 -0.00537 -0.00553 -0.00567 -0.00575 -0.00574 -0.00567 -0.00553  -0.0054 -0.00535 -0.00558 -0.00642  -0.0082  -0.0102 -0.00747  0.00761   0.0344   0.0344
       18| -0.00464 -0.00464 -0.00463 -0.00459 -0.00465 -0.00476 -0.00487 -0.00495 -0.00499 -0.00495 -0.00486 -0.00472 -0.00457 -0.00447 -0.00454 -0.00496 -0.00595 -0.00734 -0.00676  0.00156   0.0147   0.0147
       17| -0.00385 -0.00385 -0.00391 -0.00395 -0.00401 -0.00409 -0.00416  -0.0042  -0.0042 -0.00413 -0.00401 -0.00384 -0.00363 -0.00342 -0.00323 -0.00309 -0.00297 -0.00255-0.000588  0.00497   0.0115   0.0115
       16| -0.00327 -0.00327 -0.00334 -0.00339 -0.00344 -0.00349 -0.00353 -0.00353 -0.00348 -0.00338 -0.00322   -0.003 -0.00272 -0.00237 -0.00194 -0.00136-0.000479 0.000997  0.00358  0.00756   0.0111   0.0111
       15|  -0.0028  -0.0028 -0.00286  -0.0029 -0.00294 -0.00296 -0.00296 -0.00293 -0.00285 -0.00271 -0.00252 -0.00225  -0.0019 -0.00145-0.000858-4.79e-05   0.0011  0.00274  0.00498  0.00756  0.00946  0.00946
       14|  -0.0024  -0.0024 -0.00245 -0.00248  -0.0025 -0.00249 -0.00247  -0.0024 -0.00229 -0.00213 -0.00191  -0.0016 -0.00121-0.000713 -6.1e-05  0.00079   0.0019  0.00331  0.00495   0.0065  0.00748  0.00748
       13| -0.00205 -0.00205 -0.00209  -0.0021  -0.0021 -0.00208 -0.00204 -0.00195 -0.00182 -0.00164 -0.00139 -0.00107-0.000672-0.000164 0.000472  0.00126  0.00221  0.00331  0.00445  0.00539  0.00589  0.00589
       12| -0.00174 -0.00174 -0.00177 -0.00178 -0.00176 -0.00173 -0.00166 -0.00156 -0.00142 -0.00122-0.000972-0.000655-0.000261 0.000221   0.0008  0.00148  0.00226  0.00309  0.00387  0.00446  0.00473  0.00473
       11| -0.00147 -0.00147 -0.00149 -0.00149 -0.00147 -0.00142 -0.00134 -0.00123 -0.00108-0.000885-0.000637-0.000331  3.8e-05 0.000476 0.000984  0.00156  0.00217  0.00279  0.00334  0.00373  0.00389  0.00389
       10| -0.00123 -0.00123 -0.00125 -0.00124 -0.00121 -0.00116 -0.00107-0.000957-0.000805-0.000612-0.000374-8.76e-05  0.00025 0.000638  0.00107  0.00155  0.00203   0.0025  0.00289  0.00316  0.00326  0.00326
        9| -0.00103 -0.00103 -0.00104 -0.00103-0.000992-0.000933-0.000847 -0.00073 -0.00058-0.000395-0.000171 9.24e-05 0.000395 0.000735   0.0011  0.00149  0.00188  0.00223  0.00253  0.00272  0.00278  0.00278
        8|-0.000854-0.000854-0.000861-0.000846-0.000808-0.000747 -0.00066-0.000545  -0.0004-0.000224-1.63e-05 0.000223 0.000493 0.000789   0.0011  0.00142  0.00173  0.00201  0.00223  0.00237  0.00242  0.00242
        7|-0.000708-0.000708-0.000712-0.000694-0.000655-0.000593-0.000507-0.000395-0.000257-9.19e-05   0.0001 0.000318 0.000558 0.000815  0.00108  0.00135   0.0016  0.00182  0.00199   0.0021  0.00213  0.00213
        6|-0.000587-0.000587 -0.00059-0.000571-0.000531-0.000469-0.000385-0.000277-0.000146 9.29e-06 0.000187 0.000385 0.000599 0.000826  0.00106  0.00128  0.00149  0.00167  0.00181  0.00189  0.00192  0.00192
        5|-0.000493-0.000493-0.000493-0.000474-0.000434-0.000373 -0.00029-0.000186 -6.1e-05  8.5e-05  0.00025 0.000431 0.000626 0.000827  0.00103  0.00122   0.0014  0.00155  0.00167  0.00174  0.00176  0.00176
        4|-0.000422-0.000422-0.000422-0.000402-0.000361-0.000301 -0.00022-0.000119 9.04e-07  0.00014 0.000295 0.000464 0.000642 0.000825  0.00101  0.00118  0.00134  0.00147  0.00156  0.00162  0.00164  0.00164
        3|-0.000374-0.000374-0.000373-0.000353-0.000312-0.000252-0.000173-7.41e-05 4.29e-05 0.000177 0.000325 0.000485 0.000653 0.000823 0.000991  0.00115  0.00129  0.00141  0.00149  0.00155  0.00156  0.00156
        2| -0.00035 -0.00035-0.000348-0.000327-0.000286-0.000226-0.000147-4.86e-05 6.69e-05 0.000198 0.000343 0.000498  0.00066 0.000823 0.000982  0.00113  0.00126  0.00137  0.00146   0.0015  0.00152  0.00152
        1|-0.000347-0.000347-0.000345-0.000323-0.000282-0.000221 -0.00014-4.18e-05  7.4e-05 0.000205  0.00035 0.000504 0.000664 0.000826 0.000983  0.00113  0.00126  0.00137  0.00145  0.00149  0.00151  0.00151
        0|-0.000347-0.000347-0.000345-0.000323-0.000282-0.000221 -0.00014-4.18e-05  7.4e-05 0.000205  0.00035 0.000504 0.000664 0.000826 0.000983  0.00113  0.00126  0.00137  0.00145  0.00149  0.00151  0.00151

