nCells: 20x20, dx: 0.1, dy: 0.1

p (22x22): 
         |        0        1        2        3        4        5        6        7        8        9       10       11       12       13       14       15       16       17       18       19       20       21
-------------------------------------------------------------------------------------------------------------------------------------------------------------------------------------------------------------------------
       21|  -0.0193  -0.0193  -0.0146  -0.0138  -0.0129  -0.0116  -0.0102  -0.0087 -0.00717 -0.00566 -0.00419 -0.00276 -0.00136  5.9e-05  0.00154  0.00313  0.00509  0.00813   0.0141   0.0269   0.0497   0.0497
       20|  -0.0193  -0.0193  -0.0146  -0.0138  -0.0129  -0.0116  -0.0102  -0.0087 -0.00717 -0.00566 -0.00419 -0.00276 -0.00136  5.9e-05  0.00154  0.00313  0.00509  0.00813   0.0141   0.0269   0.0497   0.0497
       19|  -0.0144  -0.0144   -0.014  -0.0133  -0.0122   -0.011 -0.00962 -0.00819 -0.00675 -0.00531  -0.0039 -0.00251 -0.00114 0.000237  0.00164  0.00313  0.00478  0.00691   0.0105   0.0177    0.029    0.029
       18|  -0.0116  -0.0116  -0.0115  -0.0111  -0.0104 -0.00945 -0.00836 -0.00717 -0.00593 -0.00465 -0.00336 -0.00206 -0.00074 0.000617  0.00205  0.00361   0.0054  0.00763   0.0107   0.0153   0.0202   0.0202
       17| -0.00969 -0.00969 -0.00963 -0.00932 -0.00879 -0.00807 -0.00719 -0.00619 -0.00512 -0.00399 -0.00282 -0.00161-0.000358 0.000954  0.00236  0.00391  0.00568  0.00779   0.0104   0.0133   0.0156   0.0156
       16| -0.00822 -0.00822 -0.00816 -0.00791 -0.00748 -0.00689 -0.00616 -0.00531 -0.00438 -0.00338 -0.00232 -0.00121-4.36e-05  0.00119  0.00251  0.00395  0.00554  0.00732  0.00925   0.0111   0.0123   0.0123
       15| -0.00703 -0.00703 -0.00697 -0.00675 -0.00639 -0.00589 -0.00526 -0.00454 -0.00372 -0.00283 -0.00188-0.000872 0.000192  0.00132  0.00251  0.00379  0.00515  0.00657  0.00796  0.00913  0.00978  0.00978
       14| -0.00603 -0.00603 -0.00597 -0.00578 -0.00547 -0.00504  -0.0045 -0.00386 -0.00315 -0.00236 -0.00151-0.000603 0.000353  0.00136  0.00241  0.00351  0.00464  0.00575  0.00676  0.00755  0.00794  0.00794
       13| -0.00518 -0.00518 -0.00513 -0.00496 -0.00469 -0.00431 -0.00384 -0.00329 -0.00265 -0.00196  -0.0012-0.000396 0.000453  0.00134  0.00225  0.00318   0.0041  0.00497  0.00573  0.00628  0.00653  0.00653
       12| -0.00447 -0.00447 -0.00442 -0.00427 -0.00403  -0.0037 -0.00329  -0.0028 -0.00224 -0.00162-0.000953-0.000241 0.000505  0.00128  0.00206  0.00284   0.0036  0.00428  0.00486  0.00526  0.00544  0.00544
       11| -0.00386 -0.00386 -0.00382 -0.00369 -0.00347 -0.00318 -0.00282 -0.00238 -0.00189 -0.00135-0.000756 -0.00013 0.000523  0.00119  0.00186  0.00252  0.00314  0.00369  0.00413  0.00443  0.00457  0.00457
       10| -0.00335 -0.00335 -0.00331 -0.00319   -0.003 -0.00274 -0.00242 -0.00204  -0.0016 -0.00112  -0.0006-5.06e-05 0.000519   0.0011  0.00167  0.00222  0.00273  0.00318  0.00353  0.00377  0.00387  0.00387
        9| -0.00292 -0.00292 -0.00288 -0.00277 -0.00261 -0.00238 -0.00209 -0.00175 -0.00136-0.000938-0.000479 3.62e-06 0.000501    0.001  0.00149  0.00196  0.00238  0.00275  0.00304  0.00323  0.00331  0.00331
        8| -0.00256 -0.00256 -0.00252 -0.00243 -0.00228 -0.00207 -0.00182 -0.00151 -0.00117-0.000791-0.000385    4e-05 0.000475  0.00091  0.00133  0.00173  0.00209   0.0024  0.00263  0.00279  0.00285  0.00285
        7| -0.00226 -0.00226 -0.00223 -0.00214 -0.00201 -0.00182 -0.00159 -0.00132 -0.00101-0.000674-0.000313 6.37e-05 0.000447 0.000828   0.0012  0.00154  0.00185   0.0021   0.0023  0.00243  0.00249  0.00249
        6| -0.00202 -0.00202 -0.00199 -0.00191 -0.00179 -0.00162 -0.00141 -0.00116-0.000886-0.000582-0.000258 7.86e-05  0.00042 0.000757  0.00108  0.00138  0.00165  0.00187  0.00204  0.00215   0.0022   0.0022
        5| -0.00182 -0.00182  -0.0018 -0.00172 -0.00161 -0.00146 -0.00127 -0.00104-0.000788-0.000511-0.000217 8.78e-05 0.000396 0.000698 0.000987  0.00125  0.00149  0.00168  0.00183  0.00193  0.00197  0.00197
        4| -0.00168 -0.00168 -0.00165 -0.00158 -0.00148 -0.00134 -0.00116-0.000949-0.000715-0.000459-0.000187 9.32e-05 0.000375 0.000652 0.000915  0.00116  0.00137  0.00154  0.00168  0.00176   0.0018   0.0018
        3| -0.00157 -0.00157 -0.00155 -0.00149 -0.00139 -0.00125 -0.00108-0.000884-0.000663-0.000422-0.000167 9.64e-05  0.00036 0.000618 0.000863  0.00109  0.00128  0.00145  0.00157  0.00165  0.00168  0.00168
        2| -0.00151 -0.00151 -0.00149 -0.00142 -0.00133  -0.0012 -0.00103-0.000845-0.000631-0.000399-0.000154 9.84e-05 0.000351 0.000598 0.000831  0.00104  0.00123  0.00139   0.0015  0.00158  0.00161  0.00161
        1| -0.00149 -0.00149 -0.00146  -0.0014 -0.00131 -0.00118 -0.00102-0.000829-0.000618 -0.00039-0.000149 9.96e-05 0.000348  0.00059 0.000819  0.00103  0.00121  0.00136  0.00148  0.00155  0.00158  0.00158
        0| -0.00149 -0.00149 -0.00146  -0.0014 -0.00131 -0.00118 -0.00102-0.000829-0.000618 -0.00039-0.000149 9.96e-05 0.000348  0.00059 0.000819  0.00103  0.00121  0.00136  0.00148  0.00155  0.00158  0.00158

