nCells: 20x20, dx: 0.1, dy: 0.1

p (22x22): 
         |        0        1        2        3        4        5        6        7        8        9       10       11       12       13       14       15       16       17       18       19       20       21
-------------------------------------------------------------------------------------------------------------------------------------------------------------------------------------------------------------------------
       21|   -0.034   -0.034   -0.025  -0.0196  -0.0156  -0.0124 -0.00975 -0.00742  -0.0053 -0.00332 -0.00142  0.00045  0.00234   0.0043  0.00639   0.0087   0.0114   0.0146   0.0189   0.0254   0.0365   0.0365
       20|   -0.034   -0.034   -0.025  -0.0196  -0.0156  -0.0124 -0.00975 -0.00742  -0.0053 -0.00332 -0.00142  0.00045  0.00234   0.0043  0.00639   0.0087   0.0114   0.0146   0.0189   0.0254   0.0365   0.0365
       19|  -0.0248  -0.0248  -0.0215  -0.0179  -0.0146  -0.0118 -0.00939 -0.00718 -0.00515 -0.00323 -0.00138 0.000448  0.00229   0.0042  0.00621  0.00841   0.0109   0.0137   0.0171   0.0213   0.0258   0.0258
       18|  -0.0192  -0.0192  -0.0177  -0.0155  -0.0131  -0.0109 -0.00873 -0.00674 -0.00486 -0.00305  -0.0013 0.000447   0.0022  0.00401   0.0059  0.00792   0.0101   0.0125   0.0151   0.0177   0.0198   0.0198
       17|  -0.0156  -0.0156  -0.0147  -0.0133  -0.0115 -0.00973 -0.00794 -0.00619 -0.00449 -0.00283  -0.0012  0.00043  0.00207  0.00374  0.00546  0.00726  0.00913   0.0111    0.013   0.0147   0.0157   0.0157
       16|  -0.0129  -0.0129  -0.0123  -0.0113    -0.01  -0.0086  -0.0071 -0.00559 -0.00408 -0.00258 -0.00109   0.0004   0.0019  0.00342  0.00496  0.00652  0.00809  0.00962    0.011   0.0122   0.0128   0.0128
       15|  -0.0108  -0.0108  -0.0104 -0.00966 -0.00868 -0.00753 -0.00629 -0.00499 -0.00367 -0.00233-0.000987  0.00036  0.00171  0.00307  0.00442  0.00577  0.00708   0.0083  0.00938   0.0102   0.0106   0.0106
       14| -0.00911 -0.00911 -0.00883 -0.00827  -0.0075 -0.00657 -0.00553 -0.00442 -0.00327 -0.00208-0.000889 0.000316  0.00152  0.00272   0.0039  0.00505  0.00614  0.00713  0.00797  0.00858  0.00889  0.00889
       13| -0.00775 -0.00775 -0.00754  -0.0071 -0.00648 -0.00572 -0.00485  -0.0039 -0.00289 -0.00186-0.000798 0.000269  0.00133  0.00239  0.00341   0.0044  0.00531  0.00612  0.00678  0.00725  0.00749  0.00749
       12| -0.00664 -0.00664 -0.00647 -0.00612 -0.00561 -0.00498 -0.00424 -0.00342 -0.00255 -0.00165-0.000717 0.000222  0.00116  0.00208  0.00297  0.00381  0.00457  0.00524  0.00578  0.00615  0.00634  0.00634
       11| -0.00572 -0.00572 -0.00558 -0.00529 -0.00487 -0.00434 -0.00371 -0.00301 -0.00225 -0.00146-0.000646 0.000178 0.000998   0.0018  0.00257  0.00329  0.00394   0.0045  0.00494  0.00525   0.0054   0.0054
       10| -0.00496 -0.00496 -0.00484  -0.0046 -0.00424 -0.00379 -0.00325 -0.00265 -0.00199  -0.0013-0.000586 0.000137 0.000855  0.00156  0.00222  0.00284   0.0034  0.00387  0.00424  0.00449  0.00461  0.00461
        9| -0.00432 -0.00432 -0.00422 -0.00402 -0.00371 -0.00333 -0.00286 -0.00234 -0.00177 -0.00116-0.000534 0.000101  0.00073  0.00134  0.00192  0.00246  0.00293  0.00334  0.00365  0.00386  0.00397  0.00397
        8|  -0.0038  -0.0038 -0.00371 -0.00354 -0.00327 -0.00294 -0.00253 -0.00208 -0.00157 -0.00104 -0.00049 6.86e-05 0.000623  0.00116  0.00167  0.00214  0.00255  0.00289  0.00316  0.00334  0.00343  0.00343
        7| -0.00337 -0.00337 -0.00329 -0.00314 -0.00291 -0.00262 -0.00226 -0.00186 -0.00141-0.000943-0.000454  4.1e-05 0.000532  0.00101  0.00146  0.00187  0.00223  0.00253  0.00276  0.00292    0.003    0.003
        6| -0.00302 -0.00302 -0.00295 -0.00282 -0.00261 -0.00235 -0.00204 -0.00168 -0.00128-0.000862-0.000425 1.79e-05 0.000457  0.00088  0.00128  0.00164  0.00196  0.00223  0.00244  0.00257  0.00264  0.00264
        5| -0.00274 -0.00274 -0.00268 -0.00256 -0.00238 -0.00214 -0.00186 -0.00154 -0.00118-0.000797-0.000402-9.82e-07 0.000396 0.000779  0.00114  0.00147  0.00175  0.00199  0.00218   0.0023  0.00236  0.00236
        4| -0.00253 -0.00253 -0.00247 -0.00236  -0.0022 -0.00198 -0.00172 -0.00142  -0.0011-0.000747-0.000384-1.57e-05 0.000349   0.0007  0.00103  0.00133  0.00159  0.00181  0.00198  0.00209  0.00215  0.00215
        3| -0.00237 -0.00237 -0.00232 -0.00222 -0.00207 -0.00186 -0.00162 -0.00134 -0.00104-0.000711-0.000371-2.65e-05 0.000314 0.000643 0.000951  0.00123  0.00148  0.00168  0.00184  0.00194  0.00199  0.00199
        2| -0.00227 -0.00227 -0.00223 -0.00213 -0.00198 -0.00179 -0.00156 -0.00129   -0.001-0.000688-0.000363-3.35e-05 0.000292 0.000606   0.0009  0.00117   0.0014  0.00159  0.00174  0.00184  0.00189  0.00189
        1| -0.00223 -0.00223 -0.00218 -0.00208 -0.00194 -0.00175 -0.00153 -0.00127-0.000982-0.000677-0.000359-3.69e-05 0.000281 0.000588 0.000876  0.00114  0.00137  0.00155   0.0017   0.0018  0.00184  0.00184
        0| -0.00223 -0.00223 -0.00218 -0.00208 -0.00194 -0.00175 -0.00153 -0.00127-0.000982-0.000677-0.000359-3.69e-05 0.000281 0.000588 0.000876  0.00114  0.00137  0.00155   0.0017   0.0018  0.00184  0.00184

