nCells: 20x20, dx: 0.1, dy: 0.1

p (22x22): 
         |        0        1        2        3        4        5        6        7        8        9       10       11       12       13       14       15       16       17       18       19       20       21
-------------------------------------------------------------------------------------------------------------------------------------------------------------------------------------------------------------------------
       21| -0.00853 -0.00853 -0.00306 -0.00204 -0.00187 -0.00191 -0.00207 -0.00229 -0.00259 -0.00299 -0.00351 -0.00419 -0.00511 -0.00635 -0.00803    -0.01  -0.0114 -0.00799  0.00806   0.0486    0.112    0.112
       20| -0.00853 -0.00853 -0.00306 -0.00204 -0.00187 -0.00191 -0.00207 -0.00229 -0.00259 -0.00299 -0.00351 -0.00419 -0.00511 -0.00635 -0.00803    -0.01  -0.0114 -0.00799  0.00806   0.0486    0.112    0.112
       19| -0.00449 -0.00449 -0.00383 -0.00319 -0.00282 -0.00268 -0.00271 -0.00282 -0.00305 -0.00339 -0.00387 -0.00451 -0.00541 -0.00666 -0.00843  -0.0108  -0.0135  -0.0148 -0.00827   0.0151   0.0523   0.0523
       18| -0.00322 -0.00322 -0.00306 -0.00279 -0.00263 -0.00259 -0.00265  -0.0028 -0.00305  -0.0034  -0.0039 -0.00457 -0.00553 -0.00688 -0.00887  -0.0117  -0.0152  -0.0181  -0.0168 -0.00622   0.0108   0.0108
       17|  -0.0025  -0.0025 -0.00248 -0.00239 -0.00234 -0.00236 -0.00246 -0.00263  -0.0029 -0.00327 -0.00377 -0.00447 -0.00547 -0.00696 -0.00921  -0.0126  -0.0171  -0.0215  -0.0226  -0.0173  -0.0082  -0.0082
       16|   -0.002   -0.002 -0.00202 -0.00201 -0.00202 -0.00208  -0.0022 -0.00238 -0.00264   -0.003 -0.00348 -0.00416 -0.00513 -0.00661 -0.00895  -0.0127  -0.0179  -0.0231  -0.0249  -0.0202   -0.014   -0.014
       15| -0.00159 -0.00159 -0.00162 -0.00165 -0.00169 -0.00176 -0.00188 -0.00205 -0.00229  -0.0026 -0.00302 -0.00361 -0.00444 -0.00572 -0.00776   -0.011  -0.0156  -0.0201  -0.0212  -0.0168  -0.0118  -0.0118
       14| -0.00123 -0.00123 -0.00127  -0.0013 -0.00135 -0.00142 -0.00153 -0.00167 -0.00186  -0.0021 -0.00242 -0.00286 -0.00346 -0.00436 -0.00576 -0.00796  -0.0109  -0.0136  -0.0135 -0.00931 -0.00533 -0.00533
       13|-0.000898-0.000898-0.000931-0.000965 -0.00101 -0.00107 -0.00115 -0.00125 -0.00138 -0.00154 -0.00174   -0.002 -0.00233 -0.00279 -0.00345 -0.00441 -0.00558 -0.00629 -0.00499  -0.0012   0.0018   0.0018
       12|-0.000586-0.000586-0.000615-0.000643-0.000676-0.000716-0.000765-0.000823-0.000889-0.000962 -0.00104 -0.00112 -0.00121 -0.00128 -0.00134 -0.00135 -0.00119 -0.00039   0.0016  0.00476  0.00689  0.00689
       11|-0.000294-0.000294-0.000318-0.000337-0.000355-0.000373 -0.00039-0.000403-0.000409-0.000403-0.000375-0.000314  -0.0002-3.17e-06 0.000322 0.000848  0.00174  0.00314  0.00513  0.00744  0.00883  0.00883
       10|-2.28e-05-2.28e-05 -4.1e-05-5.03e-05-5.34e-05-4.95e-05-3.61e-05-9.31e-06 3.64e-05 0.000109 0.000221 0.000388 0.000635 0.000995  0.00152  0.00227  0.00333   0.0047  0.00627  0.00772  0.00853  0.00853
        9| 0.000226 0.000226 0.000213 0.000212 0.000223 0.000247 0.000286 0.000347 0.000434 0.000557 0.000729 0.000965  0.00129  0.00172  0.00231  0.00309  0.00405  0.00516  0.00627  0.00712  0.00754  0.00754
        8| 0.000449 0.000449  0.00044 0.000448 0.000471 0.000511 0.000572 0.000658 0.000776 0.000935  0.00114  0.00142  0.00177  0.00223   0.0028  0.00351  0.00431  0.00516  0.00593  0.00645  0.00666  0.00666
        7| 0.000645 0.000645 0.000639 0.000654 0.000686  0.00074 0.000817 0.000923  0.00106  0.00124  0.00147  0.00176  0.00212  0.00256  0.00309   0.0037  0.00435    0.005  0.00554  0.00589  0.00601  0.00601
        6| 0.000811 0.000811 0.000808 0.000828 0.000868 0.000932  0.00102  0.00114  0.00129  0.00149  0.00173  0.00202  0.00237  0.00278  0.00325  0.00377   0.0043   0.0048   0.0052  0.00545  0.00552  0.00552
        5| 0.000945 0.000945 0.000945 0.000968  0.00101  0.00109  0.00118  0.00131  0.00147  0.00167  0.00192   0.0022  0.00254  0.00292  0.00334  0.00378  0.00422  0.00461  0.00492  0.00511  0.00517  0.00517
        4|  0.00105  0.00105  0.00105  0.00108  0.00113   0.0012  0.00131  0.00144  0.00161  0.00181  0.00205  0.00233  0.00265    0.003  0.00338  0.00376  0.00413  0.00446  0.00472  0.00487  0.00491  0.00491
        3|  0.00112  0.00112  0.00112  0.00115   0.0012  0.00128  0.00139  0.00153   0.0017   0.0019  0.00214  0.00242  0.00272  0.00305   0.0034  0.00374  0.00407  0.00436  0.00457   0.0047  0.00474  0.00474
        2|  0.00115  0.00115  0.00116  0.00119  0.00124  0.00133  0.00144  0.00158  0.00175  0.00196   0.0022  0.00247  0.00276  0.00308  0.00341  0.00373  0.00404   0.0043  0.00449  0.00461  0.00464  0.00464
        1|  0.00116  0.00116  0.00116  0.00119  0.00125  0.00133  0.00145  0.00159  0.00177  0.00198  0.00221  0.00248  0.00278  0.00309  0.00342  0.00373  0.00403  0.00428  0.00447  0.00458  0.00461  0.00461
        0|  0.00116  0.00116  0.00116  0.00119  0.00125  0.00133  0.00145  0.00159  0.00177  0.00198  0.00221  0.00248  0.00278  0.00309  0.00342  0.00373  0.00403  0.00428  0.00447  0.00458  0.00461  0.00461

