nCells: 20x20, dx: 0.1, dy: 0.1

p (22x22): 
         |        0        1        2        3        4        5        6        7        8        9       10       11       12       13       14       15       16       17       18       19       20       21
-------------------------------------------------------------------------------------------------------------------------------------------------------------------------------------------------------------------------
       21|  -0.0084  -0.0084 -0.00297 -0.00202 -0.00189 -0.00197 -0.00214 -0.00237 -0.00268 -0.00307 -0.00358 -0.00424 -0.00513 -0.00638  -0.0082  -0.0107  -0.0136  -0.0131 0.000546   0.0412    0.106    0.106
       20|  -0.0084  -0.0084 -0.00297 -0.00202 -0.00189 -0.00197 -0.00214 -0.00237 -0.00268 -0.00307 -0.00358 -0.00424 -0.00513 -0.00638  -0.0082  -0.0107  -0.0136  -0.0131 0.000546   0.0412    0.106    0.106
       19| -0.00438 -0.00438 -0.00375 -0.00315 -0.00283 -0.00271 -0.00275 -0.00287  -0.0031 -0.00343 -0.00388 -0.00449 -0.00533 -0.00653 -0.00836  -0.0112  -0.0153  -0.0199  -0.0171  0.00564   0.0447   0.0447
       18| -0.00309 -0.00309 -0.00295 -0.00271 -0.00258 -0.00255 -0.00262 -0.00277   -0.003 -0.00333 -0.00377 -0.00437  -0.0052 -0.00641 -0.00829  -0.0113   -0.016  -0.0223  -0.0254  -0.0157  0.00356  0.00356
       17| -0.00236 -0.00236 -0.00235 -0.00228 -0.00224 -0.00227 -0.00236 -0.00252 -0.00274 -0.00305 -0.00347 -0.00403 -0.00481 -0.00595 -0.00772  -0.0107  -0.0154  -0.0218   -0.026  -0.0201 -0.00923 -0.00923
       16| -0.00186 -0.00186 -0.00189 -0.00189  -0.0019 -0.00196 -0.00205  -0.0022  -0.0024 -0.00267 -0.00302 -0.00349 -0.00413 -0.00503  -0.0064 -0.00861  -0.0121  -0.0164  -0.0188  -0.0143 -0.00749 -0.00749
       15| -0.00147 -0.00147 -0.00151 -0.00153 -0.00157 -0.00163 -0.00172 -0.00184   -0.002 -0.00221 -0.00247  -0.0028 -0.00323 -0.00379 -0.00457 -0.00572 -0.00736 -0.00907 -0.00902  -0.0049-0.000286-0.000286
       14| -0.00114 -0.00114 -0.00118 -0.00121 -0.00125  -0.0013 -0.00137 -0.00146 -0.00157 -0.00171 -0.00186 -0.00204 -0.00224 -0.00246 -0.00268 -0.00291 -0.00304 -0.00268-0.000966  0.00278  0.00605  0.00605
       13|-0.000845-0.000845-0.000878-0.000907 -0.00094 -0.00098 -0.00103 -0.00108 -0.00114  -0.0012 -0.00125 -0.00129 -0.00129 -0.00123 -0.00106-0.000696 2.23e-05  0.00135  0.00352  0.00646  0.00868  0.00868
       12| -0.00058 -0.00058-0.000608-0.000631-0.000653-0.000675-0.000696-0.000714-0.000723-0.000716-0.000684-0.000609-0.000468-0.000223  0.00018 0.000827  0.00183  0.00325  0.00507    0.007   0.0083   0.0083
       11|-0.000339-0.000339-0.000362-0.000377-0.000388-0.000392-0.000389-0.000373 -0.00034 -0.00028-0.000183-2.94e-05 0.000203 0.000548  0.00105  0.00176  0.00272  0.00391  0.00521  0.00635  0.00702  0.00702
       10|-0.000121-0.000121 -0.00014-0.000147-0.000146-0.000135 -0.00011-6.73e-05-9.12e-07 9.77e-05  0.00024 0.000441 0.000721   0.0011  0.00161  0.00228  0.00309    0.004  0.00489  0.00557   0.0059   0.0059
        9| 7.35e-05 7.35e-05 5.93e-05 5.84e-05 6.96e-05 9.46e-05 0.000137   0.0002  0.00029 0.000415 0.000584 0.000809   0.0011  0.00148  0.00196  0.00253  0.00318  0.00386  0.00447   0.0049  0.00508  0.00508
        8| 0.000245 0.000245 0.000234 0.000239 0.000258 0.000294 0.000349 0.000427 0.000533 0.000674 0.000856  0.00109  0.00138  0.00173  0.00216  0.00264  0.00315  0.00366  0.00409  0.00438  0.00448  0.00448
        7| 0.000392 0.000392 0.000384 0.000394  0.00042 0.000463 0.000528 0.000616 0.000732  0.00088  0.00107  0.00129  0.00157  0.00189  0.00226  0.00266  0.00307  0.00346  0.00378  0.00398  0.00404  0.00404
        6| 0.000515 0.000515  0.00051 0.000523 0.000553 0.000603 0.000674 0.000768 0.000889  0.00104  0.00122  0.00144   0.0017  0.00199  0.00231  0.00265  0.00298  0.00328  0.00352  0.00367  0.00372  0.00372
        5| 0.000613 0.000613  0.00061 0.000626  0.00066 0.000714 0.000789 0.000887  0.00101  0.00116  0.00134  0.00155  0.00179  0.00205  0.00233  0.00262   0.0029  0.00314  0.00333  0.00344  0.00348  0.00348
        4| 0.000687 0.000687 0.000685 0.000703  0.00074 0.000797 0.000875 0.000975   0.0011  0.00125  0.00143  0.00163  0.00185  0.00209  0.00234  0.00259  0.00283  0.00303  0.00319  0.00328  0.00331  0.00331
        3| 0.000736 0.000736 0.000736 0.000755 0.000794 0.000853 0.000933  0.00104  0.00116  0.00131  0.00148  0.00167  0.00189  0.00211  0.00234  0.00257  0.00278  0.00295  0.00309  0.00317  0.00319  0.00319
        2| 0.000761 0.000761 0.000762 0.000782 0.000822 0.000883 0.000965  0.00107   0.0012  0.00134  0.00151   0.0017  0.00191  0.00212  0.00234  0.00255  0.00275  0.00291  0.00303  0.00311  0.00313  0.00313
        1| 0.000763 0.000763 0.000764 0.000785 0.000826 0.000888 0.000972  0.00108  0.00121  0.00136  0.00153  0.00172  0.00192  0.00213  0.00235  0.00255  0.00274   0.0029  0.00302  0.00309  0.00311  0.00311
        0| 0.000763 0.000763 0.000764 0.000785 0.000826 0.000888 0.000972  0.00108  0.00121  0.00136  0.00153  0.00172  0.00192  0.00213  0.00235  0.00255  0.00274   0.0029  0.00302  0.00309  0.00311  0.00311

