nCells: 20x20, dx: 0.1, dy: 0.1

p (22x22): 
         |        0        1        2        3        4        5        6        7        8        9       10       11       12       13       14       15       16       17       18       19       20       21
-------------------------------------------------------------------------------------------------------------------------------------------------------------------------------------------------------------------------
       21| -0.00922 -0.00922  -0.0038 -0.00284 -0.00272 -0.00279 -0.00296  -0.0032  -0.0035  -0.0039  -0.0044 -0.00506 -0.00595  -0.0072 -0.00903  -0.0116  -0.0144  -0.0139-0.000168   0.0405    0.106    0.106
       20| -0.00922 -0.00922  -0.0038 -0.00284 -0.00272 -0.00279 -0.00296  -0.0032  -0.0035  -0.0039  -0.0044 -0.00506 -0.00595  -0.0072 -0.00903  -0.0116  -0.0144  -0.0139-0.000168   0.0405    0.106    0.106
       19| -0.00521 -0.00521 -0.00457 -0.00398 -0.00365 -0.00354 -0.00357  -0.0037 -0.00392 -0.00425  -0.0047 -0.00531 -0.00615 -0.00736 -0.00919   -0.012  -0.0161  -0.0207  -0.0178  0.00496    0.044    0.044
       18| -0.00392 -0.00392 -0.00377 -0.00353  -0.0034 -0.00338 -0.00345 -0.00359 -0.00383 -0.00415 -0.00459 -0.00519 -0.00602 -0.00724 -0.00913  -0.0122  -0.0169  -0.0231  -0.0261  -0.0165  0.00279  0.00279
       17| -0.00319 -0.00319 -0.00317  -0.0031 -0.00307 -0.00309 -0.00319 -0.00334 -0.00357 -0.00388  -0.0043 -0.00486 -0.00564 -0.00679 -0.00857  -0.0115  -0.0163  -0.0227  -0.0269   -0.021  -0.0101  -0.0101
       16| -0.00269 -0.00269 -0.00271 -0.00271 -0.00273 -0.00278 -0.00288 -0.00302 -0.00323  -0.0035 -0.00385 -0.00433 -0.00497 -0.00588 -0.00726  -0.0095   -0.013  -0.0174  -0.0198  -0.0153  -0.0085  -0.0085
       15|  -0.0023  -0.0023 -0.00233 -0.00236 -0.00239 -0.00245 -0.00254 -0.00267 -0.00283 -0.00304  -0.0033 -0.00364 -0.00406 -0.00464 -0.00543 -0.00661 -0.00829  -0.0101  -0.0101 -0.00594 -0.00131 -0.00131
       14| -0.00196 -0.00196   -0.002 -0.00203 -0.00207 -0.00212  -0.0022 -0.00229  -0.0024 -0.00253 -0.00269 -0.00287 -0.00308  -0.0033 -0.00354 -0.00378 -0.00394 -0.00363 -0.00194  0.00182  0.00511  0.00511
       13| -0.00167 -0.00167  -0.0017 -0.00173 -0.00176  -0.0018 -0.00185 -0.00191 -0.00196 -0.00203 -0.00208 -0.00212 -0.00213 -0.00207  -0.0019 -0.00155-0.000845 0.000474  0.00264   0.0056  0.00784  0.00784
       12|  -0.0014  -0.0014 -0.00143 -0.00145 -0.00148  -0.0015 -0.00152 -0.00154 -0.00155 -0.00154 -0.00151 -0.00144  -0.0013 -0.00105-0.000653-9.04e-06 0.000993  0.00242  0.00425   0.0062  0.00752  0.00752
       11| -0.00116 -0.00116 -0.00118  -0.0012 -0.00121 -0.00121 -0.00121  -0.0012 -0.00116  -0.0011 -0.00101-0.000853-0.000621-0.000277 0.000224 0.000939   0.0019   0.0031  0.00441  0.00556  0.00625  0.00625
       10|-0.000942-0.000942 -0.00096-0.000968-0.000967-0.000955-0.000931-0.000888-0.000822-0.000723-0.000581 -0.00038-9.98e-05 0.000282 0.000797  0.00146  0.00228  0.00319  0.00409  0.00478  0.00512  0.00512
        9|-0.000747-0.000747-0.000761-0.000762 -0.00075-0.000725-0.000683 -0.00062-0.000529-0.000404-0.000235-9.24e-06 0.000286 0.000666  0.00115  0.00172  0.00238  0.00306  0.00368  0.00411  0.00429  0.00429
        8|-0.000575-0.000575-0.000585 -0.00058-0.000561-0.000525 -0.00047-0.000391-0.000285-0.000144  3.9e-05 0.000272 0.000563  0.00092  0.00135  0.00183  0.00235  0.00286   0.0033  0.00359  0.00369  0.00369
        7|-0.000427-0.000427-0.000434-0.000425-0.000399-0.000355 -0.00029-0.000202-8.53e-05 6.38e-05 0.000251  0.00048 0.000756  0.00108  0.00145  0.00186  0.00227  0.00266  0.00298  0.00318  0.00325  0.00325
        6|-0.000303-0.000303-0.000308-0.000295-0.000264-0.000214-0.000143-4.85e-05 7.33e-05 0.000225  0.00041 0.000631 0.000889  0.00118   0.0015  0.00184  0.00218  0.00248  0.00272  0.00287  0.00292  0.00292
        5|-0.000204-0.000204-0.000207-0.000191-0.000157-0.000103-2.76e-05 7.12e-05 0.000195 0.000347 0.000528 0.000739 0.000979  0.00124  0.00153  0.00181  0.00209  0.00234  0.00253  0.00264  0.00268  0.00268
        4| -0.00013 -0.00013-0.000132-0.000114-7.65e-05-1.95e-05  5.9e-05  0.00016 0.000285 0.000436 0.000612 0.000814  0.00104  0.00128  0.00153  0.00178  0.00202  0.00223  0.00238  0.00248  0.00251  0.00251
        3|-8.07e-05-8.07e-05-8.08e-05-6.13e-05-2.22e-05 3.71e-05 0.000118 0.000221 0.000347 0.000496 0.000669 0.000863  0.00108   0.0013  0.00153  0.00176  0.00197  0.00215  0.00229  0.00237  0.00239  0.00239
        2| -5.6e-05 -5.6e-05-5.49e-05-3.42e-05 6.35e-06 6.75e-05  0.00015 0.000255 0.000382 0.000531 0.000702 0.000892   0.0011  0.00132  0.00153  0.00175  0.00194  0.00211  0.00223  0.00231  0.00233  0.00233
        1|-5.37e-05-5.37e-05-5.23e-05-3.14e-05 1.01e-05 7.26e-05 0.000157 0.000263 0.000392 0.000542 0.000714 0.000904  0.00111  0.00132  0.00154  0.00175  0.00194   0.0021  0.00222  0.00229  0.00231  0.00231
        0|-5.37e-05-5.37e-05-5.23e-05-3.14e-05 1.01e-05 7.26e-05 0.000157 0.000263 0.000392 0.000542 0.000714 0.000904  0.00111  0.00132  0.00154  0.00175  0.00194   0.0021  0.00222  0.00229  0.00231  0.00231

