nCells: 20x20, dx: 0.1, dy: 0.1

p (22x22): 
         |        0        1        2        3        4        5        6        7        8        9       10       11       12       13       14       15       16       17       18       19       20       21
-------------------------------------------------------------------------------------------------------------------------------------------------------------------------------------------------------------------------
       21| -0.00921 -0.00921 -0.00378 -0.00283 -0.00271 -0.00279 -0.00296  -0.0032  -0.0035  -0.0039  -0.0044 -0.00506 -0.00595  -0.0072 -0.00902  -0.0116  -0.0145  -0.0141-0.000597     0.04    0.105    0.105
       20| -0.00921 -0.00921 -0.00378 -0.00283 -0.00271 -0.00279 -0.00296  -0.0032  -0.0035  -0.0039  -0.0044 -0.00506 -0.00595  -0.0072 -0.00902  -0.0116  -0.0145  -0.0141-0.000597     0.04    0.105    0.105
       19|  -0.0052  -0.0052 -0.00456 -0.00397 -0.00365 -0.00353 -0.00357  -0.0037 -0.00392 -0.00425  -0.0047 -0.00531 -0.00614 -0.00734 -0.00916   -0.012  -0.0161  -0.0209  -0.0182  0.00441   0.0435   0.0435
       18|  -0.0039  -0.0039 -0.00376 -0.00352 -0.00339 -0.00337 -0.00344 -0.00359 -0.00382 -0.00414 -0.00458 -0.00518   -0.006 -0.00719 -0.00906  -0.0121  -0.0168  -0.0231  -0.0264  -0.0167  0.00261  0.00261
       17| -0.00317 -0.00317 -0.00316 -0.00309 -0.00306 -0.00309 -0.00318 -0.00333 -0.00356 -0.00386 -0.00427 -0.00483 -0.00559 -0.00671 -0.00845  -0.0113   -0.016  -0.0223  -0.0265  -0.0206 -0.00978 -0.00978
       16| -0.00268 -0.00268  -0.0027  -0.0027 -0.00272 -0.00277 -0.00287 -0.00301 -0.00321 -0.00348 -0.00382 -0.00428  -0.0049 -0.00578  -0.0071 -0.00922  -0.0126  -0.0167   -0.019  -0.0145 -0.00772 -0.00772
       15| -0.00228 -0.00228 -0.00232 -0.00235 -0.00238 -0.00244 -0.00253 -0.00265 -0.00281 -0.00301 -0.00327 -0.00359   -0.004 -0.00453 -0.00527 -0.00634 -0.00783 -0.00937 -0.00918 -0.00507-0.000495-0.000495
       14| -0.00195 -0.00195 -0.00199 -0.00202 -0.00206 -0.00212 -0.00219 -0.00227 -0.00238 -0.00251 -0.00266 -0.00283 -0.00302 -0.00321  -0.0034 -0.00357 -0.00362 -0.00315 -0.00136  0.00236  0.00559  0.00559
       13| -0.00166 -0.00166  -0.0017 -0.00173 -0.00176  -0.0018 -0.00184 -0.00189 -0.00195 -0.00201 -0.00206 -0.00209 -0.00208 -0.00201 -0.00181 -0.00142-0.000667 0.000691  0.00285  0.00573   0.0079   0.0079
       12|  -0.0014  -0.0014 -0.00143 -0.00145 -0.00147 -0.00149 -0.00151 -0.00153 -0.00154 -0.00153 -0.00149 -0.00142 -0.00127 -0.00102-0.000608 4.78e-05  0.00105  0.00246  0.00425   0.0061  0.00736  0.00736
       11| -0.00116 -0.00116 -0.00118  -0.0012 -0.00121 -0.00121 -0.00121 -0.00119 -0.00116  -0.0011   -0.001-0.000845-0.000611-0.000266 0.000234 0.000943  0.00189  0.00306  0.00432  0.00542  0.00606  0.00606
       10|-0.000945-0.000945-0.000964-0.000972-0.000971-0.000959-0.000934-0.000892-0.000825-0.000726-0.000584-0.000383-0.000105 0.000273 0.000781  0.00143  0.00223  0.00312  0.00398  0.00464  0.00496  0.00496
        9|-0.000753-0.000753-0.000768-0.000769-0.000758-0.000733-0.000691-0.000628-0.000539-0.000414-0.000247-2.34e-05 0.000268 0.000643  0.00111  0.00168  0.00231  0.00298  0.00357  0.00399  0.00415  0.00415
        8|-0.000585-0.000585-0.000595-0.000591-0.000572-0.000536-0.000482-0.000405-0.000299 -0.00016 2.01e-05 0.000249 0.000535 0.000886   0.0013  0.00177  0.00228  0.00277   0.0032  0.00347  0.00357  0.00357
        7|-0.000439-0.000439-0.000447-0.000438-0.000413-0.000369-0.000306-0.000219-0.000104 4.23e-05 0.000226 0.000451 0.000722  0.00104   0.0014  0.00179   0.0022  0.00257  0.00288  0.00308  0.00314  0.00314
        6|-0.000318-0.000318-0.000323-0.000311-0.000281-0.000232-0.000162 -6.9e-05 5.05e-05   0.0002 0.000381 0.000598  0.00085  0.00114  0.00145  0.00178   0.0021   0.0024  0.00263  0.00278  0.00282  0.00282
        5|-0.000221-0.000221-0.000225-0.000209-0.000176-0.000123-4.89e-05 4.79e-05  0.00017 0.000318 0.000496 0.000702 0.000936  0.00119  0.00147  0.00175  0.00202  0.00226  0.00244  0.00255  0.00259  0.00259
        4|-0.000149-0.000149 -0.00015-0.000133-9.69e-05-4.11e-05 3.56e-05 0.000135 0.000257 0.000405 0.000577 0.000774 0.000993  0.00123  0.00147  0.00172  0.00195  0.00215   0.0023  0.00239  0.00242  0.00242
        3|  -0.0001  -0.0001-0.000101-8.19e-05-4.38e-05 1.42e-05 9.31e-05 0.000194 0.000317 0.000463 0.000632 0.000822  0.00103  0.00125  0.00148   0.0017   0.0019  0.00208  0.00221  0.00229  0.00231  0.00231
        2|-7.64e-05-7.64e-05-7.56e-05-5.55e-05 -1.6e-05 4.38e-05 0.000124 0.000227 0.000351 0.000497 0.000664  0.00085  0.00105  0.00126  0.00148  0.00168  0.00187  0.00203  0.00215  0.00223  0.00225  0.00225
        1|-7.44e-05-7.44e-05-7.32e-05 -5.3e-05-1.25e-05 4.86e-05 0.000131 0.000235 0.000361 0.000508 0.000676 0.000862  0.00106  0.00127  0.00148  0.00168  0.00187  0.00202  0.00214  0.00221  0.00223  0.00223
        0|-7.44e-05-7.44e-05-7.32e-05 -5.3e-05-1.25e-05 4.86e-05 0.000131 0.000235 0.000361 0.000508 0.000676 0.000862  0.00106  0.00127  0.00148  0.00168  0.00187  0.00202  0.00214  0.00221  0.00223  0.00223

