nCells: 20x20, dx: 0.1, dy: 0.1

p (22x22): 
         |        0        1        2        3        4        5        6        7        8        9       10       11       12       13       14       15       16       17       18       19       20       21
-------------------------------------------------------------------------------------------------------------------------------------------------------------------------------------------------------------------------
       21| -0.00949 -0.00949 -0.00401 -0.00297 -0.00279 -0.00283 -0.00297 -0.00319  -0.0035 -0.00389 -0.00441 -0.00509 -0.00601 -0.00723 -0.00884  -0.0107  -0.0117 -0.00785  0.00847   0.0488    0.112    0.112
       20| -0.00949 -0.00949 -0.00401 -0.00297 -0.00279 -0.00283 -0.00297 -0.00319  -0.0035 -0.00389 -0.00441 -0.00509 -0.00601 -0.00723 -0.00884  -0.0107  -0.0117 -0.00785  0.00847   0.0488    0.112    0.112
       19| -0.00544 -0.00544 -0.00478 -0.00412 -0.00375  -0.0036 -0.00362 -0.00373 -0.00396  -0.0043 -0.00478 -0.00543 -0.00632 -0.00756 -0.00928  -0.0115  -0.0138  -0.0145 -0.00757   0.0157   0.0525   0.0525
       18| -0.00418 -0.00418 -0.00402 -0.00374 -0.00357 -0.00352 -0.00358 -0.00373 -0.00398 -0.00434 -0.00484 -0.00553 -0.00649 -0.00784 -0.00979  -0.0125  -0.0155  -0.0176  -0.0157  -0.0051   0.0115   0.0115
       17| -0.00347 -0.00347 -0.00344 -0.00335 -0.00329 -0.00331 -0.00341 -0.00359 -0.00386 -0.00423 -0.00476 -0.00548 -0.00652 -0.00804  -0.0103  -0.0136  -0.0177  -0.0212  -0.0214  -0.0163 -0.00776 -0.00776
       16| -0.00297 -0.00297 -0.00299 -0.00297 -0.00298 -0.00304 -0.00316 -0.00335 -0.00362   -0.004 -0.00451 -0.00523 -0.00627 -0.00785  -0.0103  -0.0141  -0.0191  -0.0238  -0.0251  -0.0206  -0.0147  -0.0147
       15| -0.00256 -0.00256 -0.00259 -0.00261 -0.00266 -0.00274 -0.00286 -0.00304 -0.00329 -0.00363 -0.00409 -0.00473 -0.00567 -0.00712 -0.00944  -0.0131   -0.018  -0.0225  -0.0232  -0.0188   -0.014   -0.014
       14|  -0.0022  -0.0022 -0.00223 -0.00227 -0.00232  -0.0024 -0.00251 -0.00266 -0.00287 -0.00314 -0.00351 -0.00402 -0.00474 -0.00584  -0.0076  -0.0103  -0.0139   -0.017  -0.0169  -0.0126 -0.00856 -0.00856
       13| -0.00186 -0.00186 -0.00189 -0.00192 -0.00197 -0.00204 -0.00213 -0.00224 -0.00239 -0.00258 -0.00283 -0.00315  -0.0036 -0.00425 -0.00523 -0.00669 -0.00851  -0.0098 -0.00865  -0.0047 -0.00156 -0.00156
       12| -0.00154 -0.00154 -0.00157 -0.00159 -0.00163 -0.00168 -0.00174 -0.00181 -0.00189 -0.00199 -0.00211 -0.00225 -0.00242 -0.00264 -0.00292 -0.00326 -0.00353 -0.00319 -0.00131  0.00204  0.00429  0.00429
       11| -0.00123 -0.00123 -0.00126 -0.00128  -0.0013 -0.00132 -0.00135 -0.00137 -0.00139 -0.00141 -0.00141 -0.00139 -0.00133 -0.00122 -0.00102-0.000652 2.42e-05  0.00129  0.00334  0.00588  0.00737  0.00737
       10|-0.000951-0.000951 -0.00097 -0.00098-0.000986-0.000986-0.000978-0.000959-0.000924-0.000865-0.000772 -0.00063-0.000415-9.44e-05  0.00038  0.00108  0.00213  0.00354  0.00526  0.00693  0.00784  0.00784
        9| -0.00069 -0.00069-0.000704-0.000705-0.000696-0.000675-0.000639-0.000583-0.000502-0.000386-0.000224 1.95e-06 0.000314 0.000742  0.00133  0.00212  0.00315  0.00435   0.0056  0.00659  0.00707  0.00707
        8|-0.000456-0.000456-0.000465-0.000458-0.000435-0.000396-0.000336-0.000252-0.000135 2.12e-05 0.000229 0.000504 0.000864  0.00133  0.00193  0.00268  0.00355  0.00449  0.00535  0.00595  0.00619  0.00619
        7|-0.000249-0.000249-0.000255-0.000241-0.000207-0.000154-7.56e-05  3.1e-05 0.000172 0.000356 0.000591 0.000889  0.00126  0.00173  0.00229  0.00294  0.00366  0.00437  0.00498  0.00537   0.0055   0.0055
        6|-7.38e-05-7.38e-05-7.63e-05-5.63e-05-1.46e-05 5.05e-05 0.000142 0.000264 0.000422 0.000622  0.00087  0.00118  0.00154  0.00198  0.00249  0.00305  0.00363  0.00418  0.00463  0.00491  0.00499  0.00499
        5| 6.88e-05 6.88e-05 6.87e-05 9.32e-05 0.000141 0.000215 0.000316 0.000449 0.000618 0.000826  0.00108  0.00138  0.00174  0.00214   0.0026  0.00308  0.00356    0.004  0.00434  0.00455  0.00461  0.00461
        4| 0.000177 0.000177 0.000179 0.000207  0.00026  0.00034 0.000448 0.000589 0.000764 0.000976  0.00123  0.00153  0.00187  0.00225  0.00265  0.00307  0.00348  0.00385  0.00412  0.00429  0.00434  0.00434
        3|  0.00025  0.00025 0.000254 0.000284 0.000341 0.000425 0.000539 0.000684 0.000863  0.00108  0.00133  0.00162  0.00195  0.00231  0.00268  0.00306  0.00342  0.00373  0.00397  0.00411  0.00415  0.00415
        2| 0.000288 0.000288 0.000293 0.000325 0.000384 0.000471 0.000589 0.000738  0.00092  0.00114  0.00139  0.00168    0.002  0.00234   0.0027  0.00305  0.00338  0.00367  0.00388  0.00401  0.00405  0.00405
        1| 0.000294 0.000294   0.0003 0.000332 0.000392 0.000481   0.0006 0.000752 0.000937  0.00116  0.00141   0.0017  0.00202  0.00236  0.00271  0.00305  0.00338  0.00365  0.00386  0.00398  0.00402  0.00402
        0| 0.000294 0.000294   0.0003 0.000332 0.000392 0.000481   0.0006 0.000752 0.000937  0.00116  0.00141   0.0017  0.00202  0.00236  0.00271  0.00305  0.00338  0.00365  0.00386  0.00398  0.00402  0.00402

