nCells: 20x20, dx: 0.1, dy: 0.1

p (22x22): 
         |        0        1        2        3        4        5        6        7        8        9       10       11       12       13       14       15       16       17       18       19       20       21
-------------------------------------------------------------------------------------------------------------------------------------------------------------------------------------------------------------------------
       21| -0.00923 -0.00923  -0.0038 -0.00285 -0.00272 -0.00279 -0.00296  -0.0032  -0.0035 -0.00389  -0.0044 -0.00506 -0.00595 -0.00721 -0.00903  -0.0116  -0.0144  -0.0138-5.88e-05   0.0406    0.106    0.106
       20| -0.00923 -0.00923  -0.0038 -0.00285 -0.00272 -0.00279 -0.00296  -0.0032  -0.0035 -0.00389  -0.0044 -0.00506 -0.00595 -0.00721 -0.00903  -0.0116  -0.0144  -0.0138-5.88e-05   0.0406    0.106    0.106
       19| -0.00521 -0.00521 -0.00458 -0.00398 -0.00365 -0.00354 -0.00357  -0.0037 -0.00392 -0.00425  -0.0047 -0.00531 -0.00615 -0.00737  -0.0092   -0.012  -0.0161  -0.0206  -0.0177   0.0051   0.0441   0.0441
       18| -0.00392 -0.00392 -0.00378 -0.00354  -0.0034 -0.00338 -0.00345  -0.0036 -0.00383 -0.00415  -0.0046  -0.0052 -0.00603 -0.00725 -0.00915  -0.0122  -0.0169  -0.0231  -0.0261  -0.0164  0.00285  0.00285
       17| -0.00319 -0.00319 -0.00318  -0.0031 -0.00307  -0.0031 -0.00319 -0.00334 -0.00357 -0.00388  -0.0043 -0.00487 -0.00566  -0.0068  -0.0086  -0.0116  -0.0164  -0.0228   -0.027  -0.0211  -0.0102  -0.0102
       16| -0.00269 -0.00269 -0.00272 -0.00271 -0.00273 -0.00278 -0.00288 -0.00303 -0.00323  -0.0035 -0.00386 -0.00434 -0.00498  -0.0059 -0.00731 -0.00957  -0.0131  -0.0176    -0.02  -0.0155 -0.00869 -0.00869
       15|  -0.0023  -0.0023 -0.00233 -0.00236 -0.00239 -0.00246 -0.00255 -0.00267 -0.00283 -0.00304 -0.00331 -0.00365 -0.00408 -0.00466 -0.00548 -0.00668 -0.00841  -0.0102  -0.0103 -0.00616 -0.00152 -0.00152
       14| -0.00197 -0.00197   -0.002 -0.00203 -0.00207 -0.00213  -0.0022 -0.00229  -0.0024 -0.00254  -0.0027 -0.00288 -0.00309 -0.00332 -0.00357 -0.00383 -0.00402 -0.00375 -0.00209  0.00167  0.00498  0.00498
       13| -0.00167 -0.00167  -0.0017 -0.00173 -0.00177 -0.00181 -0.00185 -0.00191 -0.00197 -0.00203 -0.00209 -0.00213 -0.00214 -0.00209 -0.00193 -0.00158-0.000892 0.000416  0.00258  0.00556  0.00781  0.00781
       12|  -0.0014  -0.0014 -0.00143 -0.00145 -0.00148  -0.0015 -0.00152 -0.00154 -0.00155 -0.00154 -0.00151 -0.00144  -0.0013 -0.00106-0.000665-2.42e-05 0.000977  0.00241  0.00425  0.00622  0.00756  0.00756
       11| -0.00116 -0.00116 -0.00118  -0.0012 -0.00121 -0.00121 -0.00121  -0.0012 -0.00116  -0.0011 -0.00101-0.000856-0.000624 -0.00028  0.00022 0.000938   0.0019  0.00311  0.00443   0.0056  0.00629  0.00629
       10|-0.000941-0.000941 -0.00096-0.000967-0.000966-0.000955 -0.00093-0.000887-0.000821-0.000723 -0.00058-0.000379-9.87e-05 0.000284 0.000801  0.00147  0.00229  0.00321  0.00412  0.00482  0.00516  0.00516
        9|-0.000745-0.000745-0.000759 -0.00076-0.000749-0.000723-0.000681-0.000618-0.000527-0.000402-0.000232 -5.9e-06 0.000291 0.000672  0.00115  0.00173  0.00239  0.00308  0.00371  0.00415  0.00432  0.00432
        8|-0.000572-0.000572-0.000583-0.000578-0.000558-0.000522-0.000467-0.000388-0.000281 -0.00014 4.36e-05 0.000277  0.00057 0.000929  0.00136  0.00184  0.00237  0.00288  0.00332  0.00362  0.00372  0.00372
        7|-0.000424-0.000424-0.000431-0.000422-0.000395-0.000351-0.000286-0.000198-8.07e-05  6.9e-05 0.000257 0.000487 0.000765  0.00109  0.00147  0.00187  0.00229  0.00268    0.003  0.00321  0.00327  0.00327
        6|  -0.0003  -0.0003-0.000305-0.000291 -0.00026 -0.00021-0.000139-4.35e-05 7.89e-05 0.000231 0.000417  0.00064 0.000899  0.00119  0.00152  0.00186   0.0022   0.0025  0.00275   0.0029  0.00294  0.00294
        5|  -0.0002  -0.0002-0.000203-0.000187-0.000153-9.82e-05-2.24e-05 7.69e-05 0.000202 0.000354 0.000536 0.000748 0.000989  0.00126  0.00154  0.00183  0.00211  0.00236  0.00255  0.00267   0.0027   0.0027
        4|-0.000126-0.000126-0.000127-0.000109-7.15e-05-1.41e-05 6.47e-05 0.000166 0.000292 0.000444 0.000621 0.000823  0.00105  0.00129  0.00155   0.0018  0.00204  0.00225   0.0024   0.0025  0.00253  0.00253
        3|-7.59e-05-7.59e-05-7.59e-05-5.62e-05-1.69e-05 4.28e-05 0.000124 0.000227 0.000354 0.000504 0.000678 0.000873  0.00109  0.00131  0.00155  0.00178  0.00199  0.00217  0.00231  0.00239  0.00241  0.00241
        2|-5.09e-05-5.09e-05-4.98e-05 -2.9e-05 1.19e-05 7.33e-05 0.000156 0.000261 0.000389 0.000539 0.000711 0.000903  0.00111  0.00133  0.00155  0.00176  0.00196  0.00213  0.00225  0.00233  0.00235  0.00235
        1|-4.86e-05-4.86e-05-4.71e-05-2.61e-05 1.57e-05 7.85e-05 0.000163  0.00027 0.000399 0.000551 0.000723 0.000915  0.00112  0.00134  0.00155  0.00176  0.00195  0.00212  0.00224  0.00231  0.00233  0.00233
        0|-4.86e-05-4.86e-05-4.71e-05-2.61e-05 1.57e-05 7.85e-05 0.000163  0.00027 0.000399 0.000551 0.000723 0.000915  0.00112  0.00134  0.00155  0.00176  0.00195  0.00212  0.00224  0.00231  0.00233  0.00233

