nCells: 20x20, dx: 0.1, dy: 0.1

p (22x22): 
         |        0        1        2        3        4        5        6        7        8        9       10       11       12       13       14       15       16       17       18       19       20       21
-------------------------------------------------------------------------------------------------------------------------------------------------------------------------------------------------------------------------
       21| -0.00916 -0.00916 -0.00374 -0.00281  -0.0027 -0.00279 -0.00297 -0.00322 -0.00354 -0.00394 -0.00445  -0.0051 -0.00598  -0.0072   -0.009  -0.0116  -0.0146  -0.0148 -0.00186   0.0384    0.104    0.104
       20| -0.00916 -0.00916 -0.00374 -0.00281  -0.0027 -0.00279 -0.00297 -0.00322 -0.00354 -0.00394 -0.00445  -0.0051 -0.00598  -0.0072   -0.009  -0.0116  -0.0146  -0.0148 -0.00186   0.0384    0.104    0.104
       19| -0.00516 -0.00516 -0.00453 -0.00395 -0.00364 -0.00353 -0.00358 -0.00371 -0.00395 -0.00428 -0.00473 -0.00532 -0.00613 -0.00729 -0.00906  -0.0118  -0.0161  -0.0214  -0.0194  0.00283   0.0418   0.0418
       18| -0.00387 -0.00387 -0.00373  -0.0035 -0.00338 -0.00336 -0.00344 -0.00359 -0.00382 -0.00414 -0.00457 -0.00514 -0.00592 -0.00705  -0.0088  -0.0117  -0.0164  -0.0229  -0.0267  -0.0171  0.00235  0.00235
       17| -0.00314 -0.00314 -0.00313 -0.00306 -0.00304 -0.00307 -0.00316 -0.00331 -0.00353 -0.00383 -0.00422 -0.00473 -0.00544 -0.00646 -0.00802  -0.0106  -0.0149  -0.0207  -0.0247  -0.0189 -0.00821 -0.00821
       16| -0.00264 -0.00264 -0.00267 -0.00267 -0.00269 -0.00275 -0.00284 -0.00298 -0.00317 -0.00342 -0.00374 -0.00415  -0.0047 -0.00545 -0.00656 -0.00828   -0.011  -0.0143   -0.016  -0.0115 -0.00496 -0.00496
       15| -0.00226 -0.00226  -0.0023 -0.00232 -0.00236 -0.00242  -0.0025 -0.00262 -0.00276 -0.00295 -0.00317 -0.00345 -0.00378  -0.0042 -0.00474 -0.00547 -0.00639 -0.00719 -0.00639 -0.00228  0.00208  0.00208
       14| -0.00194 -0.00194 -0.00197 -0.00201 -0.00204  -0.0021 -0.00216 -0.00224 -0.00234 -0.00245 -0.00257  -0.0027 -0.00283 -0.00294 -0.00299 -0.00294 -0.00267 -0.00176 0.000284  0.00384  0.00685  0.00685
       13| -0.00165 -0.00165 -0.00169 -0.00172 -0.00175 -0.00178 -0.00183 -0.00187 -0.00192 -0.00196 -0.00199 -0.00199 -0.00194 -0.00182 -0.00155 -0.00106-0.000178  0.00125  0.00335  0.00592  0.00783  0.00783
       12|  -0.0014  -0.0014 -0.00143 -0.00145 -0.00147 -0.00149 -0.00151 -0.00152 -0.00152  -0.0015 -0.00145 -0.00136 -0.00119-0.000917-0.000483 0.000194  0.00118  0.00252  0.00413  0.00572  0.00676  0.00676
       11| -0.00117 -0.00117 -0.00119 -0.00121 -0.00122 -0.00122 -0.00122  -0.0012 -0.00116 -0.00109 -0.00099-0.000829 -0.00059-0.000244 0.000251 0.000932  0.00182  0.00288    0.004  0.00494  0.00545  0.00545
       10|-0.000965-0.000965-0.000984-0.000993-0.000992 -0.00098-0.000955-0.000912-0.000845-0.000746-0.000604-0.000406-0.000133 0.000233 0.000717  0.00133  0.00206  0.00286  0.00362  0.00419  0.00444  0.00444
        9|-0.000783-0.000783-0.000798  -0.0008 -0.00079-0.000766-0.000725-0.000664-0.000576-0.000456-0.000293-7.76e-05 0.000201 0.000556 0.000995  0.00152   0.0021  0.00269  0.00322  0.00358  0.00372  0.00372
        8|-0.000623-0.000623-0.000635-0.000631-0.000614 -0.00058-0.000529-0.000454-0.000354 -0.00022-4.82e-05 0.000169 0.000439 0.000768  0.00115  0.00159  0.00204  0.00249  0.00286  0.00311  0.00319  0.00319
        7|-0.000487-0.000487-0.000495-0.000488-0.000464-0.000424-0.000364-0.000281-0.000173-3.38e-05  0.00014 0.000352 0.000605 0.000901  0.00123  0.00159  0.00196   0.0023  0.00257  0.00275   0.0028   0.0028
        6|-0.000373-0.000373-0.000379-0.000368-0.000341-0.000295 -0.00023-0.000142-2.95e-05 0.000111 0.000281 0.000483 0.000718 0.000983  0.00127  0.00157  0.00187  0.00213  0.00234  0.00247  0.00251  0.00251
        5|-0.000283-0.000283-0.000287-0.000273-0.000243-0.000193-0.000124-3.37e-05 8.04e-05  0.00022 0.000385 0.000577 0.000794  0.00103  0.00129  0.00154  0.00179    0.002  0.00217  0.00227   0.0023   0.0023
        4|-0.000215-0.000215-0.000218-0.000202-0.000169-0.000117 -4.6e-05 4.65e-05 0.000161 0.000299 0.000459 0.000642 0.000844  0.00106  0.00129  0.00151  0.00172   0.0019  0.00204  0.00212  0.00214  0.00214
        3|-0.000171-0.000171-0.000172-0.000155 -0.00012-6.63e-05 7.09e-06 0.000101 0.000216 0.000352 0.000509 0.000685 0.000877  0.00108  0.00129  0.00149  0.00167  0.00183  0.00195  0.00202  0.00204  0.00204
        2|-0.000149-0.000149-0.000149-0.000131-9.45e-05-3.92e-05 3.59e-05 0.000131 0.000247 0.000383 0.000538  0.00071 0.000896  0.00109  0.00129  0.00148  0.00165   0.0018   0.0019  0.00197  0.00199  0.00199
        1|-0.000148-0.000148-0.000147-0.000129-9.19e-05-3.52e-05 4.15e-05 0.000138 0.000256 0.000393 0.000549 0.000721 0.000906   0.0011  0.00129  0.00148  0.00165  0.00179  0.00189  0.00195  0.00197  0.00197
        0|-0.000148-0.000148-0.000147-0.000129-9.19e-05-3.52e-05 4.15e-05 0.000138 0.000256 0.000393 0.000549 0.000721 0.000906   0.0011  0.00129  0.00148  0.00165  0.00179  0.00189  0.00195  0.00197  0.00197

