nCells: 20x20, dx: 0.1, dy: 0.1

p (22x22): 
         |        0        1        2        3        4        5        6        7        8        9       10       11       12       13       14       15       16       17       18       19       20       21
-------------------------------------------------------------------------------------------------------------------------------------------------------------------------------------------------------------------------
       21| -0.00915 -0.00915 -0.00377 -0.00292 -0.00288 -0.00304 -0.00329  -0.0036 -0.00397  -0.0044  -0.0049  -0.0055 -0.00626 -0.00728 -0.00879   -0.011  -0.0141  -0.0149 -0.00339   0.0345   0.0969   0.0969
       20| -0.00915 -0.00915 -0.00377 -0.00292 -0.00288 -0.00304 -0.00329  -0.0036 -0.00397  -0.0044  -0.0049  -0.0055 -0.00626 -0.00728 -0.00879   -0.011  -0.0141  -0.0149 -0.00339   0.0345   0.0969   0.0969
       19| -0.00521 -0.00521  -0.0046 -0.00408 -0.00382 -0.00377 -0.00386 -0.00405 -0.00431 -0.00465 -0.00507 -0.00559 -0.00627  -0.0072 -0.00862   -0.011   -0.015  -0.0207  -0.0196 0.000981    0.038    0.038
       18| -0.00392 -0.00392  -0.0038 -0.00361 -0.00353 -0.00355 -0.00365 -0.00383 -0.00406 -0.00436 -0.00474  -0.0052  -0.0058 -0.00665 -0.00796  -0.0102  -0.0141  -0.0199  -0.0236  -0.0141  0.00446  0.00446
       17|  -0.0032  -0.0032  -0.0032 -0.00316 -0.00316 -0.00321 -0.00332 -0.00347 -0.00367 -0.00392 -0.00423 -0.00462 -0.00511 -0.00579  -0.0068 -0.00842  -0.0111  -0.0148  -0.0172  -0.0115 -0.00164 -0.00164
       16| -0.00271 -0.00271 -0.00275 -0.00276 -0.00279 -0.00286 -0.00295 -0.00308 -0.00324 -0.00343 -0.00365 -0.00392 -0.00425 -0.00466  -0.0052 -0.00596   -0.007 -0.00809 -0.00768 -0.00307  0.00265  0.00265
       15| -0.00233 -0.00233 -0.00238 -0.00241 -0.00245 -0.00251 -0.00259 -0.00268 -0.00279 -0.00292 -0.00305 -0.00319 -0.00333 -0.00346 -0.00356 -0.00357 -0.00339 -0.00262-0.000607  0.00331  0.00693  0.00693
       14| -0.00202 -0.00202 -0.00206  -0.0021 -0.00214 -0.00218 -0.00224  -0.0023 -0.00236 -0.00241 -0.00246 -0.00248 -0.00246 -0.00236 -0.00214  -0.0017-0.000865  0.00055  0.00275  0.00559  0.00781  0.00781
       13| -0.00175 -0.00175 -0.00179 -0.00182 -0.00185 -0.00188 -0.00191 -0.00193 -0.00195 -0.00195 -0.00192 -0.00184  -0.0017 -0.00145 -0.00105-0.000403  0.00057  0.00194  0.00366  0.00543  0.00663  0.00663
       12| -0.00151 -0.00151 -0.00154 -0.00156 -0.00158  -0.0016 -0.00161  -0.0016 -0.00158 -0.00153 -0.00144  -0.0013 -0.00108-0.000759-0.000285  0.00038  0.00127  0.00237  0.00358  0.00462  0.00521  0.00521
       11|  -0.0013  -0.0013 -0.00132 -0.00134 -0.00135 -0.00135 -0.00133  -0.0013 -0.00125 -0.00117 -0.00104-0.000863-0.000609 -0.00026 0.000209 0.000813  0.00155  0.00238   0.0032  0.00383  0.00412  0.00412
       10| -0.00111 -0.00111 -0.00113 -0.00114 -0.00114 -0.00112  -0.0011 -0.00105-0.000973-0.000867 -0.00072-0.000521-0.000258 8.33e-05 0.000511  0.00103  0.00162  0.00223  0.00279  0.00319  0.00334  0.00334
        9|-0.000944-0.000944 -0.00096-0.000963-0.000954 -0.00093 -0.00089-0.000828 -0.00074-0.000621-0.000464-0.000261-5.67e-06  0.00031 0.000685  0.00111  0.00158  0.00203  0.00242  0.00269  0.00278  0.00278
        8|-0.000801-0.000801-0.000814-0.000812-0.000796-0.000765-0.000716-0.000645 -0.00055-0.000425-0.000266-6.84e-05 0.000171 0.000455 0.000778  0.00113  0.00149  0.00184  0.00212   0.0023  0.00236  0.00236
        7| -0.00068 -0.00068 -0.00069-0.000684-0.000664-0.000627-0.000572-0.000496-0.000397-0.000271-0.000115 7.25e-05 0.000293 0.000544 0.000821  0.00111   0.0014  0.00167  0.00188  0.00201  0.00205  0.00205
        6| -0.00058 -0.00058-0.000587-0.000579-0.000555-0.000515-0.000456-0.000378-0.000277-0.000152-2.17e-06 0.000174 0.000375 0.000598 0.000836  0.00108  0.00132  0.00152  0.00169  0.00179  0.00181  0.00181
        5|-0.000501-0.000501-0.000506-0.000496 -0.00047-0.000427-0.000366-0.000286-0.000185-6.34e-05 8.04e-05 0.000245  0.00043 0.000629 0.000838  0.00105  0.00124  0.00141  0.00154  0.00162  0.00164  0.00164
        4|-0.000442-0.000442-0.000446-0.000434-0.000406-0.000362-0.000299-0.000219-0.000119 6.92e-07 0.000139 0.000295 0.000466 0.000648 0.000834  0.00102  0.00118  0.00133  0.00144   0.0015  0.00152  0.00152
        3|-0.000404-0.000404-0.000407-0.000394-0.000364-0.000318-0.000255-0.000173-7.35e-05 4.39e-05 0.000178 0.000328  0.00049 0.000659  0.00083 0.000995  0.00115  0.00127  0.00137  0.00142  0.00144  0.00144
        2|-0.000386-0.000386-0.000388-0.000374-0.000343-0.000296-0.000231-0.000148-4.82e-05 6.87e-05 0.000201 0.000348 0.000504 0.000666 0.000829 0.000984  0.00112  0.00124  0.00133  0.00138  0.00139  0.00139
        1|-0.000387-0.000387-0.000388-0.000374-0.000342-0.000293-0.000227-0.000143-4.15e-05 7.65e-05  0.00021 0.000356 0.000512 0.000673 0.000833 0.000985  0.00112  0.00124  0.00132  0.00137  0.00138  0.00138
        0|-0.000387-0.000387-0.000388-0.000374-0.000342-0.000293-0.000227-0.000143-4.15e-05 7.65e-05  0.00021 0.000356 0.000512 0.000673 0.000833 0.000985  0.00112  0.00124  0.00132  0.00137  0.00138  0.00138

