nCells: 20x20, dx: 0.1, dy: 0.1

p (22x22): 
         |        0        1        2        3        4        5        6        7        8        9       10       11       12       13       14       15       16       17       18       19       20       21
-------------------------------------------------------------------------------------------------------------------------------------------------------------------------------------------------------------------------
       21| -0.00967 -0.00967 -0.00443 -0.00378 -0.00394 -0.00427 -0.00464 -0.00503 -0.00539 -0.00571   -0.006 -0.00628 -0.00657 -0.00701 -0.00778 -0.00924  -0.0115  -0.0112-0.000678   0.0317   0.0857   0.0857
       20| -0.00967 -0.00967 -0.00443 -0.00378 -0.00394 -0.00427 -0.00464 -0.00503 -0.00539 -0.00571   -0.006 -0.00628 -0.00657 -0.00701 -0.00778 -0.00924  -0.0115  -0.0112-0.000678   0.0317   0.0857   0.0857
       19| -0.00585 -0.00585 -0.00531 -0.00493 -0.00481 -0.00488 -0.00506 -0.00528 -0.00551 -0.00572 -0.00592 -0.00612 -0.00635  -0.0067 -0.00739 -0.00884  -0.0117  -0.0155  -0.0135   0.0039    0.035    0.035
       18| -0.00454 -0.00454 -0.00448 -0.00438 -0.00439 -0.00448 -0.00462 -0.00479 -0.00496 -0.00512 -0.00527 -0.00542  -0.0056 -0.00588 -0.00643 -0.00753 -0.00966  -0.0128  -0.0139 -0.00502   0.0105   0.0105
       17|  -0.0038  -0.0038 -0.00384 -0.00385 -0.00389 -0.00398 -0.00409 -0.00422 -0.00434 -0.00444 -0.00453 -0.00461  -0.0047 -0.00484 -0.00509 -0.00555 -0.00633 -0.00722 -0.00654-0.000743  0.00711  0.00711
       16| -0.00328 -0.00328 -0.00334 -0.00338 -0.00344 -0.00351 -0.00359 -0.00367 -0.00374 -0.00378  -0.0038  -0.0038 -0.00377 -0.00371 -0.00362 -0.00346 -0.00313 -0.00225-3.97e-05  0.00439  0.00876  0.00876
       15| -0.00287 -0.00287 -0.00293 -0.00297 -0.00302 -0.00308 -0.00312 -0.00316 -0.00318 -0.00317 -0.00313 -0.00304 -0.00289 -0.00265  -0.0023 -0.00174 -0.00082 0.000693  0.00306  0.00617  0.00867  0.00867
       14| -0.00253 -0.00253 -0.00258 -0.00262 -0.00265 -0.00268  -0.0027  -0.0027 -0.00268 -0.00262 -0.00252 -0.00236 -0.00212 -0.00177 -0.00127-0.000545 0.000505  0.00197  0.00382  0.00575  0.00708  0.00708
       13| -0.00223 -0.00223 -0.00227  -0.0023 -0.00232 -0.00233 -0.00232  -0.0023 -0.00224 -0.00214   -0.002 -0.00179  -0.0015  -0.0011-0.000548 0.000187  0.00115  0.00233  0.00363  0.00478  0.00544  0.00544
       12| -0.00197 -0.00197   -0.002 -0.00202 -0.00202 -0.00202 -0.00199 -0.00194 -0.00186 -0.00174 -0.00156 -0.00133 -0.00101-0.000603-7.46e-05 0.000587  0.00138  0.00228  0.00317  0.00387  0.00421  0.00421
       11| -0.00174 -0.00174 -0.00176 -0.00177 -0.00177 -0.00174  -0.0017 -0.00164 -0.00154  -0.0014 -0.00121-0.000966-0.000655-0.000264 0.000213 0.000777  0.00141  0.00208  0.00269  0.00314  0.00332  0.00332
       10| -0.00153 -0.00153 -0.00155 -0.00155 -0.00154 -0.00151 -0.00146 -0.00138 -0.00127 -0.00112-0.000929 -0.00069-0.000396-4.04e-05 0.000375 0.000843  0.00134  0.00184  0.00227  0.00257  0.00268  0.00268
        9| -0.00135 -0.00135 -0.00137 -0.00137 -0.00135 -0.00131 -0.00125 -0.00116 -0.00105-0.000898-0.000712-0.000485-0.000214 0.000101 0.000456 0.000841  0.00124  0.00161  0.00192  0.00212  0.00219  0.00219
        8|  -0.0012  -0.0012 -0.00121 -0.00121 -0.00118 -0.00114 -0.00107-0.000984-0.000868-0.000723-0.000545-0.000334-8.93e-05 0.000187 0.000489 0.000805  0.00112   0.0014  0.00163  0.00178  0.00183  0.00183
        7| -0.00107 -0.00107 -0.00108 -0.00107 -0.00104-0.000998-0.000931-0.000841-0.000727-0.000587 -0.00042-0.000225-5.29e-06 0.000237 0.000494 0.000755  0.00101  0.00123  0.00141  0.00152  0.00155  0.00155
        6|-0.000969-0.000969-0.000974-0.000963-0.000933-0.000885-0.000817-0.000728-0.000617-0.000483-0.000326-0.000148 5.04e-05 0.000263 0.000484 0.000705 0.000912  0.00109  0.00123  0.00131  0.00134  0.00134
        5|-0.000886-0.000886 -0.00089-0.000877-0.000846-0.000797-0.000729-0.000641-0.000533-0.000405-0.000258 -9.3e-05 8.68e-05 0.000277  0.00047 0.000659 0.000834 0.000983   0.0011  0.00116  0.00118  0.00118
        4|-0.000825-0.000825-0.000827-0.000813-0.000781-0.000732-0.000664-0.000577-0.000472-0.000349 -0.00021-5.53e-05  0.00011 0.000283 0.000456 0.000623 0.000775 0.000902 0.000998  0.00105  0.00107  0.00107
        3|-0.000784-0.000784-0.000786-0.000771-0.000738-0.000688 -0.00062-0.000534-0.000431-0.000312-0.000177-3.02e-05 0.000126 0.000286 0.000446 0.000598 0.000734 0.000848 0.000933 0.000983 0.000994 0.000994
        2|-0.000764-0.000764-0.000765-0.000749-0.000716-0.000665-0.000596-0.000511-0.000408 -0.00029-0.000158 -1.5e-05 0.000136  0.00029 0.000441 0.000585 0.000713 0.000819 0.000897 0.000943 0.000954 0.000954
        1|-0.000764-0.000764-0.000764-0.000748-0.000714-0.000662-0.000592-0.000505-0.000402-0.000283-0.000151-8.17e-06 0.000142 0.000294 0.000444 0.000584  0.00071 0.000813  0.00089 0.000934 0.000945 0.000945
        0|-0.000764-0.000764-0.000764-0.000748-0.000714-0.000662-0.000592-0.000505-0.000402-0.000283-0.000151-8.17e-06 0.000142 0.000294 0.000444 0.000584  0.00071 0.000813  0.00089 0.000934 0.000945 0.000945

