nCells: 20x20, dx: 0.1, dy: 0.1

p (22x22): 
         |        0        1        2        3        4        5        6        7        8        9       10       11       12       13       14       15       16       17       18       19       20       21
-------------------------------------------------------------------------------------------------------------------------------------------------------------------------------------------------------------------------
       21|   -0.016   -0.016  -0.0115  -0.0112  -0.0112  -0.0108  -0.0102 -0.00925 -0.00819 -0.00704 -0.00586 -0.00469 -0.00356 -0.00247 -0.00141-0.000221  0.00129  0.00416   0.0111   0.0276   0.0565   0.0565
       20|   -0.016   -0.016  -0.0115  -0.0112  -0.0112  -0.0108  -0.0102 -0.00925 -0.00819 -0.00704 -0.00586 -0.00469 -0.00356 -0.00247 -0.00141-0.000221  0.00129  0.00416   0.0111   0.0276   0.0565   0.0565
       19|  -0.0118  -0.0118  -0.0116  -0.0113   -0.011  -0.0104 -0.00966 -0.00875 -0.00773 -0.00663  -0.0055 -0.00436 -0.00324 -0.00215 -0.00109 -8.5e-05    0.001  0.00255  0.00607   0.0151   0.0301   0.0301
       18| -0.00969 -0.00969 -0.00975 -0.00965  -0.0094 -0.00898 -0.00837 -0.00762 -0.00675 -0.00579 -0.00477 -0.00372 -0.00264 -0.00153-0.000392 0.000824  0.00223  0.00409  0.00712   0.0127   0.0194   0.0194
       17| -0.00829 -0.00829 -0.00834 -0.00826 -0.00805  -0.0077 -0.00719 -0.00656  -0.0058 -0.00496 -0.00404 -0.00306 -0.00203-0.000931 0.000263  0.00161  0.00322  0.00529  0.00812   0.0118    0.015    0.015
       16| -0.00719 -0.00719 -0.00721 -0.00713 -0.00694 -0.00663 -0.00619 -0.00563 -0.00497 -0.00422 -0.00338 -0.00248  -0.0015-0.000435 0.000742  0.00208  0.00364  0.00552  0.00773     0.01   0.0116   0.0116
       15| -0.00627 -0.00627 -0.00628 -0.00619 -0.00601 -0.00572 -0.00533 -0.00484 -0.00425 -0.00357 -0.00281 -0.00198 -0.00107-7.36e-05  0.00103  0.00225  0.00363  0.00516  0.00676  0.00819  0.00903  0.00903
       14| -0.00549 -0.00549 -0.00548  -0.0054 -0.00522 -0.00496 -0.00461 -0.00416 -0.00363 -0.00302 -0.00233 -0.00158-0.000745 0.000161  0.00115  0.00222  0.00337  0.00457  0.00571  0.00663   0.0071   0.0071
       13| -0.00482 -0.00482 -0.00481 -0.00472 -0.00456 -0.00431 -0.00399 -0.00359 -0.00311 -0.00256 -0.00194 -0.00126-0.000512 0.000294  0.00116  0.00207  0.00301  0.00393  0.00476  0.00538  0.00567  0.00567
       12| -0.00425 -0.00425 -0.00423 -0.00414 -0.00399 -0.00377 -0.00347 -0.00311 -0.00268 -0.00218 -0.00163 -0.00102-0.000355 0.000351  0.00109  0.00186  0.00262  0.00333  0.00394  0.00438  0.00457  0.00457
       11| -0.00375 -0.00375 -0.00373 -0.00365 -0.00351  -0.0033 -0.00304 -0.00271 -0.00232 -0.00187 -0.00138-0.000837-0.000256 0.000356 0.000989  0.00163  0.00224   0.0028  0.00326  0.00358  0.00372  0.00372
       10| -0.00333 -0.00333 -0.00331 -0.00323  -0.0031 -0.00291 -0.00267 -0.00237 -0.00202 -0.00163 -0.00118-0.000707-0.000198 0.000331 0.000869   0.0014   0.0019  0.00235   0.0027  0.00294  0.00304  0.00304
        9| -0.00297 -0.00297 -0.00295 -0.00288 -0.00276 -0.00259 -0.00237  -0.0021 -0.00178 -0.00143 -0.00104-0.000614-0.000169 0.000288 0.000746  0.00119   0.0016  0.00196  0.00225  0.00243  0.00251  0.00251
        8| -0.00267 -0.00267 -0.00265 -0.00259 -0.00247 -0.00232 -0.00211 -0.00187 -0.00159 -0.00127 -0.00092-0.000548-0.000159 0.000237 0.000629    0.001  0.00135  0.00164  0.00187  0.00202  0.00208  0.00208
        7| -0.00242 -0.00242  -0.0024 -0.00234 -0.00224 -0.00209 -0.00191 -0.00169 -0.00143 -0.00114-0.000833-0.000503 -0.00016 0.000185 0.000524 0.000845  0.00113  0.00138  0.00157  0.00169  0.00174  0.00174
        6| -0.00222 -0.00222  -0.0022 -0.00214 -0.00205 -0.00191 -0.00174 -0.00154 -0.00131 -0.00105-0.000768-0.000472-0.000167 0.000138 0.000434 0.000712  0.00096  0.00117  0.00133  0.00143  0.00147  0.00147
        5| -0.00206 -0.00206 -0.00204 -0.00199  -0.0019 -0.00177 -0.00161 -0.00143 -0.00121-0.000975-0.000719-0.000451-0.000177 9.64e-05  0.00036 0.000605 0.000822    0.001  0.00114  0.00123  0.00126  0.00126
        4| -0.00193 -0.00193 -0.00192 -0.00187 -0.00178 -0.00166 -0.00152 -0.00134 -0.00114-0.000921-0.000684-0.000437-0.000186 6.31e-05 0.000302 0.000523 0.000718  0.00088    0.001  0.00108  0.00111  0.00111
        3| -0.00185 -0.00185 -0.00183 -0.00178  -0.0017 -0.00159 -0.00145 -0.00128 -0.00109-0.000884-0.000661-0.000428-0.000193  3.9e-05 0.000261 0.000465 0.000644 0.000793 0.000905 0.000976    0.001    0.001
        2|  -0.0018  -0.0018 -0.00178 -0.00173 -0.00165 -0.00155 -0.00141 -0.00125 -0.00106-0.000861-0.000646-0.000423-0.000197 2.46e-05 0.000236  0.00043   0.0006 0.000741 0.000847 0.000913 0.000938 0.000938
        1| -0.00178 -0.00178 -0.00176 -0.00172 -0.00164 -0.00153 -0.00139 -0.00123 -0.00105-0.000852 -0.00064 -0.00042-0.000198 2.01e-05 0.000228 0.000418 0.000585 0.000722 0.000825  0.00089 0.000915 0.000915
        0| -0.00178 -0.00178 -0.00176 -0.00172 -0.00164 -0.00153 -0.00139 -0.00123 -0.00105-0.000852 -0.00064 -0.00042-0.000198 2.01e-05 0.000228 0.000418 0.000585 0.000722 0.000825  0.00089 0.000915 0.000915

