nCells: 20x20, dx: 0.1, dy: 0.1

p (22x22): 
         |        0        1        2        3        4        5        6        7        8        9       10       11       12       13       14       15       16       17       18       19       20       21
-------------------------------------------------------------------------------------------------------------------------------------------------------------------------------------------------------------------------
       21|  -0.0275  -0.0275  -0.0213  -0.0182  -0.0154  -0.0129  -0.0106 -0.00847 -0.00654 -0.00473   -0.003 -0.00131 0.000384  0.00212  0.00395  0.00597  0.00837   0.0115   0.0164    0.025   0.0404   0.0404
       20|  -0.0275  -0.0275  -0.0213  -0.0182  -0.0154  -0.0129  -0.0106 -0.00847 -0.00654 -0.00473   -0.003 -0.00131 0.000384  0.00212  0.00395  0.00597  0.00837   0.0115   0.0164    0.025   0.0404   0.0404
       19|  -0.0206  -0.0206   -0.019  -0.0168  -0.0144  -0.0122  -0.0101 -0.00811 -0.00627 -0.00453 -0.00286 -0.00122 0.000421  0.00211  0.00389  0.00581  0.00798   0.0106    0.014   0.0192   0.0262   0.0262
       18|  -0.0163  -0.0163  -0.0156  -0.0143  -0.0126  -0.0109 -0.00913 -0.00743 -0.00578 -0.00418 -0.00261 -0.00105 0.000526  0.00215  0.00386  0.00571  0.00776   0.0101    0.013   0.0163   0.0192   0.0192
       17|  -0.0134  -0.0134   -0.013  -0.0121  -0.0109 -0.00959 -0.00816  -0.0067 -0.00524 -0.00379 -0.00234 -0.00089 0.000589  0.00211  0.00371   0.0054  0.00724  0.00923   0.0114   0.0135   0.0149   0.0149
       16|  -0.0113  -0.0113   -0.011  -0.0104 -0.00948 -0.00841 -0.00723 -0.00598  -0.0047 -0.00341 -0.00209-0.000756 0.000603    0.002  0.00344  0.00495  0.00651  0.00812  0.00969    0.011   0.0118   0.0118
       15| -0.00961 -0.00961  -0.0094 -0.00892 -0.00822 -0.00735 -0.00637 -0.00531 -0.00419 -0.00304 -0.00186-0.000653 0.000576  0.00183  0.00311  0.00441  0.00572    0.007  0.00816  0.00907  0.00955  0.00955
       14| -0.00825 -0.00825 -0.00808  -0.0077 -0.00714 -0.00643  -0.0056 -0.00469 -0.00372  -0.0027 -0.00165-0.000578 0.000519  0.00163  0.00275  0.00386  0.00495  0.00596  0.00684  0.00749  0.00781  0.00781
       13| -0.00713 -0.00713 -0.00699 -0.00668 -0.00622 -0.00563 -0.00493 -0.00415  -0.0033 -0.00241 -0.00148-0.000528 0.000441  0.00142  0.00238  0.00333  0.00423  0.00504  0.00572   0.0062  0.00643  0.00643
       12| -0.00619 -0.00619 -0.00608 -0.00582 -0.00544 -0.00494 -0.00434 -0.00367 -0.00293 -0.00215 -0.00134-0.000497 0.000353   0.0012  0.00204  0.00284  0.00359  0.00424  0.00478  0.00515  0.00533  0.00533
       11| -0.00541 -0.00541 -0.00532  -0.0051 -0.00478 -0.00435 -0.00384 -0.00326 -0.00262 -0.00193 -0.00122-0.000481 0.000262    0.001  0.00172   0.0024  0.00302  0.00356    0.004  0.00429  0.00443  0.00443
       10| -0.00476 -0.00476 -0.00468  -0.0045 -0.00422 -0.00385 -0.00341  -0.0029 -0.00235 -0.00175 -0.00112-0.000475 0.000174 0.000815  0.00143  0.00202  0.00254  0.00299  0.00334  0.00358  0.00369  0.00369
        9| -0.00422 -0.00422 -0.00415 -0.00399 -0.00375 -0.00343 -0.00305 -0.00261 -0.00212 -0.00159 -0.00104-0.000476 9.13e-05 0.000649  0.00118  0.00168  0.00213  0.00251   0.0028    0.003  0.00309  0.00309
        8| -0.00377 -0.00377 -0.00371 -0.00357 -0.00336 -0.00308 -0.00275 -0.00236 -0.00193 -0.00146-0.000979-0.000481 1.68e-05 0.000505  0.00097   0.0014  0.00178  0.00211  0.00235  0.00252   0.0026   0.0026
        7|  -0.0034  -0.0034 -0.00334 -0.00322 -0.00304 -0.00279  -0.0025 -0.00215 -0.00177 -0.00136-0.000929-0.000489-4.85e-05 0.000381 0.000789  0.00117   0.0015  0.00178  0.00199  0.00213   0.0022   0.0022
        6|  -0.0031  -0.0031 -0.00305 -0.00294 -0.00278 -0.00256 -0.00229 -0.00198 -0.00164 -0.00128 -0.00089-0.000497-0.000104 0.000278  0.00064 0.000972  0.00126  0.00151  0.00169  0.00182  0.00187  0.00187
        5| -0.00286 -0.00286 -0.00282 -0.00272 -0.00257 -0.00237 -0.00213 -0.00185 -0.00154 -0.00121 -0.00086-0.000504 -0.00015 0.000195  0.00052 0.000817  0.00108   0.0013  0.00146  0.00157  0.00162  0.00162
        4| -0.00268 -0.00268 -0.00264 -0.00255 -0.00241 -0.00223 -0.00201 -0.00175 -0.00147 -0.00116-0.000838-0.000511-0.000185  0.00013 0.000428 0.000699 0.000936  0.00113  0.00128  0.00138  0.00143  0.00143
        3| -0.00255 -0.00255 -0.00251 -0.00243  -0.0023 -0.00213 -0.00192 -0.00168 -0.00141 -0.00112-0.000822-0.000516-0.000211 8.34e-05 0.000361 0.000614 0.000834  0.00102  0.00116  0.00125  0.00129  0.00129
        2| -0.00247 -0.00247 -0.00243 -0.00235 -0.00223 -0.00206 -0.00186 -0.00163 -0.00138  -0.0011-0.000812-0.000519-0.000228 5.38e-05 0.000319  0.00056  0.00077 0.000944  0.00108  0.00116   0.0012   0.0012
        1| -0.00243 -0.00243 -0.00239 -0.00232 -0.00219 -0.00203 -0.00184 -0.00161 -0.00136 -0.00109-0.000808-0.000521-0.000235 4.09e-05   0.0003 0.000536 0.000742 0.000912  0.00104  0.00113  0.00117  0.00117
        0| -0.00243 -0.00243 -0.00239 -0.00232 -0.00219 -0.00203 -0.00184 -0.00161 -0.00136 -0.00109-0.000808-0.000521-0.000235 4.09e-05   0.0003 0.000536 0.000742 0.000912  0.00104  0.00113  0.00117  0.00117

