nCells: 20x20, dx: 0.1, dy: 0.1

p (22x22): 
         |        0        1        2        3        4        5        6        7        8        9       10       11       12       13       14       15       16       17       18       19       20       21
-------------------------------------------------------------------------------------------------------------------------------------------------------------------------------------------------------------------------
       21| -0.00945 -0.00945 -0.00398 -0.00296 -0.00279 -0.00284 -0.00299 -0.00321 -0.00352 -0.00392 -0.00444 -0.00512 -0.00604 -0.00728 -0.00896  -0.0109  -0.0123 -0.00898  0.00705   0.0476    0.111    0.111
       20| -0.00945 -0.00945 -0.00398 -0.00296 -0.00279 -0.00284 -0.00299 -0.00321 -0.00352 -0.00392 -0.00444 -0.00512 -0.00604 -0.00728 -0.00896  -0.0109  -0.0123 -0.00898  0.00705   0.0476    0.111    0.111
       19| -0.00541 -0.00541 -0.00475 -0.00411 -0.00375 -0.00361 -0.00363 -0.00374 -0.00398 -0.00432 -0.00479 -0.00544 -0.00633 -0.00758 -0.00936  -0.0118  -0.0144  -0.0158 -0.00929   0.0141   0.0513   0.0513
       18| -0.00414 -0.00414 -0.00398 -0.00371 -0.00355 -0.00351 -0.00357 -0.00372 -0.00397 -0.00433 -0.00482  -0.0055 -0.00645  -0.0078 -0.00979  -0.0126  -0.0162  -0.0191  -0.0179 -0.00727   0.0098   0.0098
       17| -0.00342 -0.00342  -0.0034 -0.00331 -0.00326 -0.00328 -0.00338 -0.00356 -0.00382 -0.00419 -0.00469 -0.00539 -0.00639 -0.00787  -0.0101  -0.0135  -0.0181  -0.0225  -0.0236  -0.0183  -0.0092  -0.0092
       16| -0.00292 -0.00292 -0.00294 -0.00293 -0.00294   -0.003 -0.00312  -0.0033 -0.00356 -0.00392  -0.0044 -0.00507 -0.00604 -0.00751 -0.00985  -0.0136  -0.0187   -0.024  -0.0258  -0.0212  -0.0149  -0.0149
       15| -0.00251 -0.00251 -0.00255 -0.00257 -0.00261 -0.00269  -0.0028 -0.00297 -0.00321 -0.00352 -0.00394 -0.00452 -0.00535 -0.00661 -0.00864  -0.0119  -0.0165  -0.0209   -0.022  -0.0176  -0.0126  -0.0126
       14| -0.00215 -0.00215 -0.00219 -0.00222 -0.00227 -0.00234 -0.00245 -0.00259 -0.00278 -0.00302 -0.00334 -0.00377 -0.00437 -0.00525 -0.00663  -0.0088  -0.0117  -0.0144  -0.0143  -0.0101 -0.00611 -0.00611
       13| -0.00182 -0.00182 -0.00185 -0.00189 -0.00193 -0.00199 -0.00207 -0.00217  -0.0023 -0.00246 -0.00266 -0.00291 -0.00324 -0.00368 -0.00433 -0.00526 -0.00639 -0.00708 -0.00576 -0.00198  0.00102  0.00102
       12| -0.00151 -0.00151 -0.00154 -0.00157  -0.0016 -0.00164 -0.00169 -0.00174 -0.00181 -0.00188 -0.00196 -0.00204 -0.00212 -0.00219 -0.00224 -0.00223 -0.00204 -0.00122 0.000776  0.00392  0.00604  0.00604
       11| -0.00122 -0.00122 -0.00124 -0.00126 -0.00128  -0.0013 -0.00131 -0.00133 -0.00133 -0.00132 -0.00129 -0.00123 -0.00111-0.000913-0.000583-4.94e-05 0.000848  0.00225  0.00425  0.00653  0.00792  0.00792
       10|-0.000947-0.000947-0.000965-0.000975-0.000978-0.000974 -0.00096-0.000933-0.000886-0.000813  -0.0007-0.000532-0.000284 7.81e-05   0.0006  0.00136  0.00242  0.00378  0.00534  0.00678  0.00758  0.00758
        9|-0.000699-0.000699-0.000712-0.000713-0.000702-0.000678-0.000638-0.000578 -0.00049-0.000367-0.000195 4.14e-05 0.000364 0.000801  0.00139  0.00216  0.00313  0.00423  0.00533  0.00617  0.00659  0.00659
        8|-0.000476-0.000476-0.000485-0.000478-0.000455-0.000415-0.000354-0.000267-0.000149 9.11e-06 0.000218 0.000492 0.000847   0.0013  0.00188  0.00258  0.00338  0.00422  0.00498   0.0055  0.00571  0.00571
        7|-0.000281-0.000281-0.000287-0.000273 -0.00024-0.000187-0.000109-4.01e-06 0.000135 0.000316 0.000546 0.000835  0.00119  0.00163  0.00216  0.00276  0.00342  0.00405  0.00459  0.00494  0.00506  0.00506
        6|-0.000116-0.000116-0.000119-9.94e-05-5.89e-05 4.46e-06 9.36e-05 0.000212 0.000365 0.000558 0.000797  0.00109  0.00144  0.00185  0.00232  0.00283  0.00336  0.00385  0.00425   0.0045  0.00458  0.00458
        5| 1.79e-05 1.79e-05 1.77e-05  4.1e-05 8.73e-05 0.000158 0.000256 0.000384 0.000545 0.000744 0.000985  0.00127   0.0016  0.00198   0.0024  0.00284  0.00328  0.00367  0.00398  0.00417  0.00422  0.00422
        4|  0.00012  0.00012 0.000121 0.000148 0.000198 0.000275 0.000378 0.000512 0.000679 0.000881  0.00112   0.0014  0.00172  0.00207  0.00244  0.00282  0.00319  0.00352  0.00377  0.00392  0.00397  0.00397
        3| 0.000188 0.000188 0.000191  0.00022 0.000274 0.000354 0.000462   0.0006  0.00077 0.000973  0.00121  0.00148  0.00179  0.00212  0.00246  0.00281  0.00313  0.00342  0.00363  0.00376   0.0038   0.0038
        2| 0.000224 0.000224 0.000228 0.000259 0.000315 0.000397 0.000509  0.00065 0.000822  0.00103  0.00126  0.00153  0.00183  0.00215  0.00247   0.0028   0.0031  0.00335  0.00355  0.00367   0.0037   0.0037
        1|  0.00023  0.00023 0.000235 0.000265 0.000322 0.000406  0.00052 0.000663 0.000838  0.00104  0.00128  0.00155  0.00185  0.00216  0.00248   0.0028  0.00309  0.00334  0.00353  0.00364  0.00367  0.00367
        0|  0.00023  0.00023 0.000235 0.000265 0.000322 0.000406  0.00052 0.000663 0.000838  0.00104  0.00128  0.00155  0.00185  0.00216  0.00248   0.0028  0.00309  0.00334  0.00353  0.00364  0.00367  0.00367

