nCells: 20x20, dx: 0.1, dy: 0.1

p (22x22): 
         |        0        1        2        3        4        5        6        7        8        9       10       11       12       13       14       15       16       17       18       19       20       21
-------------------------------------------------------------------------------------------------------------------------------------------------------------------------------------------------------------------------
       21| -0.00947 -0.00947 -0.00399 -0.00297 -0.00279 -0.00284 -0.00299 -0.00321 -0.00351 -0.00391 -0.00443 -0.00511 -0.00603 -0.00727 -0.00892  -0.0108  -0.0121 -0.00855   0.0076   0.0481    0.111    0.111
       20| -0.00947 -0.00947 -0.00399 -0.00297 -0.00279 -0.00284 -0.00299 -0.00321 -0.00351 -0.00391 -0.00443 -0.00511 -0.00603 -0.00727 -0.00892  -0.0108  -0.0121 -0.00855   0.0076   0.0481    0.111    0.111
       19| -0.00542 -0.00542 -0.00476 -0.00412 -0.00375 -0.00361 -0.00363 -0.00374 -0.00397 -0.00431 -0.00479 -0.00544 -0.00633 -0.00758 -0.00934  -0.0117  -0.0142  -0.0153 -0.00862   0.0147   0.0518   0.0518
       18| -0.00416 -0.00416   -0.004 -0.00372 -0.00356 -0.00352 -0.00358 -0.00373 -0.00398 -0.00433 -0.00483 -0.00551 -0.00647 -0.00782  -0.0098  -0.0126  -0.0159  -0.0185   -0.017 -0.00644   0.0105   0.0105
       17| -0.00344 -0.00344 -0.00342 -0.00332 -0.00327 -0.00329 -0.00339 -0.00357 -0.00383 -0.00421 -0.00472 -0.00543 -0.00644 -0.00794  -0.0102  -0.0135   -0.018   -0.022  -0.0228  -0.0176 -0.00869 -0.00869
       16| -0.00294 -0.00294 -0.00296 -0.00295 -0.00296 -0.00302 -0.00314 -0.00332 -0.00358 -0.00395 -0.00444 -0.00513 -0.00613 -0.00764    -0.01  -0.0138  -0.0189   -0.024  -0.0257   -0.021  -0.0149  -0.0149
       15| -0.00253 -0.00253 -0.00256 -0.00259 -0.00263  -0.0027 -0.00283   -0.003 -0.00324 -0.00356   -0.004  -0.0046 -0.00547  -0.0068 -0.00895  -0.0124  -0.0171  -0.0216  -0.0226  -0.0181  -0.0132  -0.0132
       14| -0.00217 -0.00217  -0.0022 -0.00224 -0.00229 -0.00236 -0.00247 -0.00262 -0.00281 -0.00307  -0.0034 -0.00386  -0.0045 -0.00547 -0.00699 -0.00937  -0.0126  -0.0154  -0.0153  -0.0111 -0.00707 -0.00707
       13| -0.00183 -0.00183 -0.00187  -0.0019 -0.00195 -0.00201 -0.00209  -0.0022 -0.00233 -0.00251 -0.00272   -0.003 -0.00337 -0.00389 -0.00465 -0.00578 -0.00716 -0.00808 -0.00684 -0.00299 5.79e-05 5.79e-05
       12| -0.00152 -0.00152 -0.00155 -0.00158 -0.00161 -0.00165  -0.0017 -0.00177 -0.00184 -0.00192 -0.00201 -0.00211 -0.00222 -0.00234 -0.00247 -0.00259 -0.00256  -0.0019 4.67e-05  0.00327  0.00544  0.00544
       11| -0.00122 -0.00122 -0.00125 -0.00127 -0.00129 -0.00131 -0.00133 -0.00134 -0.00135 -0.00135 -0.00133 -0.00129 -0.00119 -0.00102-0.000731-0.000252 0.000575  0.00194  0.00396  0.00635  0.00778  0.00778
       10|-0.000949-0.000949-0.000967-0.000977-0.000981-0.000978-0.000966-0.000942-0.000899-0.000831-0.000725-0.000565-0.000328 2.05e-05 0.000528  0.00127  0.00233  0.00372  0.00534  0.00686  0.00771  0.00771
        9|-0.000696-0.000696-0.000709 -0.00071  -0.0007-0.000677-0.000638-0.000579-0.000494-0.000373-0.000204 2.93e-05 0.000349 0.000784  0.00137  0.00216  0.00314  0.00429  0.00544  0.00634  0.00678  0.00678
        8|-0.000469-0.000469-0.000478 -0.00047-0.000448-0.000408-0.000347-0.000261-0.000143 1.47e-05 0.000224 0.000499 0.000856  0.00132   0.0019  0.00262  0.00345  0.00433  0.00512  0.00567  0.00589  0.00589
        7|-0.000269-0.000269-0.000275-0.000261-0.000228-0.000174-9.65e-05 9.48e-06  0.00015 0.000332 0.000564 0.000857  0.00122  0.00167  0.00221  0.00283  0.00351  0.00418  0.00474   0.0051  0.00522  0.00522
        6|  -0.0001  -0.0001-0.000103-8.33e-05-4.24e-05 2.18e-05 0.000112 0.000232 0.000387 0.000583 0.000825  0.00112  0.00148   0.0019  0.00238  0.00291  0.00346  0.00398  0.00439  0.00465  0.00473  0.00473
        5| 3.68e-05 3.68e-05 3.67e-05 6.05e-05 0.000108 0.000179 0.000279 0.000408 0.000573 0.000775  0.00102  0.00131  0.00165  0.00204  0.00248  0.00293  0.00338  0.00379  0.00411  0.00431  0.00436  0.00436
        4| 0.000141 0.000141 0.000143  0.00017 0.000221 0.000299 0.000405 0.000541 0.000711 0.000917  0.00116  0.00145  0.00177  0.00213  0.00252  0.00292   0.0033  0.00364   0.0039  0.00406   0.0041   0.0041
        3| 0.000211 0.000211 0.000215 0.000244 0.000299 0.000381 0.000491 0.000632 0.000805  0.00101  0.00126  0.00154  0.00185  0.00219  0.00254   0.0029  0.00324  0.00353  0.00376  0.00389  0.00393  0.00393
        2| 0.000248 0.000248 0.000253 0.000283 0.000341 0.000425 0.000539 0.000683 0.000859  0.00107  0.00131  0.00159  0.00189  0.00222  0.00256  0.00289   0.0032  0.00347  0.00367  0.00379  0.00383  0.00383
        1| 0.000254 0.000254 0.000259  0.00029 0.000348 0.000434  0.00055 0.000696 0.000875  0.00109  0.00133  0.00161  0.00191  0.00223  0.00257  0.00289   0.0032  0.00345  0.00365  0.00376   0.0038   0.0038
        0| 0.000254 0.000254 0.000259  0.00029 0.000348 0.000434  0.00055 0.000696 0.000875  0.00109  0.00133  0.00161  0.00191  0.00223  0.00257  0.00289   0.0032  0.00345  0.00365  0.00376   0.0038   0.0038

