nCells: 20x20, dx: 0.1, dy: 0.1

p (22x22): 
         |        0        1        2        3        4        5        6        7        8        9       10       11       12       13       14       15       16       17       18       19       20       21
-------------------------------------------------------------------------------------------------------------------------------------------------------------------------------------------------------------------------
       21|  -0.0104  -0.0104 -0.00535 -0.00488 -0.00518 -0.00559 -0.00597 -0.00628 -0.00649 -0.00658 -0.00657 -0.00649 -0.00639  -0.0064 -0.00671 -0.00761 -0.00881  -0.0074  0.00239   0.0307   0.0783   0.0783
       20|  -0.0104  -0.0104 -0.00535 -0.00488 -0.00518 -0.00559 -0.00597 -0.00628 -0.00649 -0.00658 -0.00657 -0.00649 -0.00639  -0.0064 -0.00671 -0.00761 -0.00881  -0.0074  0.00239   0.0307   0.0783   0.0783
       19| -0.00667 -0.00667 -0.00622 -0.00596 -0.00593 -0.00604  -0.0062 -0.00634 -0.00642 -0.00641 -0.00634  -0.0062 -0.00606 -0.00602 -0.00625 -0.00709 -0.00887  -0.0108 -0.00814  0.00694   0.0337   0.0337
       18| -0.00531 -0.00531  -0.0053 -0.00526 -0.00532 -0.00543 -0.00554 -0.00562 -0.00565 -0.00562 -0.00553 -0.00539 -0.00524 -0.00514 -0.00521 -0.00563 -0.00662 -0.00801 -0.00743 0.000888    0.014    0.014
       17| -0.00452 -0.00452 -0.00458 -0.00462 -0.00468 -0.00476 -0.00483 -0.00487 -0.00487  -0.0048 -0.00468 -0.00451  -0.0043 -0.00409  -0.0039 -0.00376 -0.00364 -0.00322 -0.00126   0.0043   0.0108   0.0108
       16| -0.00394 -0.00394 -0.00401 -0.00406 -0.00411 -0.00416  -0.0042  -0.0042 -0.00415 -0.00405 -0.00389 -0.00367 -0.00339 -0.00304 -0.00261 -0.00203 -0.00115 0.000327  0.00291  0.00689   0.0104   0.0104
       15| -0.00347 -0.00347 -0.00353 -0.00357 -0.00361 -0.00363 -0.00363  -0.0036 -0.00352 -0.00338 -0.00319 -0.00292 -0.00257 -0.00212 -0.00153-0.000718 0.000428  0.00207  0.00431  0.00689  0.00879  0.00879
       14| -0.00307 -0.00307 -0.00312 -0.00315 -0.00316 -0.00316 -0.00314 -0.00307 -0.00296  -0.0028 -0.00257 -0.00227 -0.00188 -0.00138-0.000731  0.00012  0.00123  0.00264  0.00428  0.00583  0.00681  0.00681
       13| -0.00272 -0.00272 -0.00275 -0.00277 -0.00277 -0.00275  -0.0027 -0.00262 -0.00249 -0.00231 -0.00206 -0.00174 -0.00134-0.000833-0.000197  0.00059  0.00154  0.00264  0.00378  0.00472  0.00522  0.00522
       12| -0.00241 -0.00241 -0.00244 -0.00244 -0.00243  -0.0024 -0.00233 -0.00223 -0.00209 -0.00189 -0.00164 -0.00132-0.000931-0.000449 0.000131 0.000813  0.00159  0.00242   0.0032  0.00379  0.00406  0.00406
       11| -0.00214 -0.00214 -0.00216 -0.00216 -0.00214 -0.00209 -0.00201  -0.0019 -0.00175 -0.00155 -0.00131   -0.001-0.000632-0.000193 0.000315 0.000887   0.0015  0.00212  0.00267  0.00306  0.00322  0.00322
       10|  -0.0019  -0.0019 -0.00192 -0.00191 -0.00188 -0.00183 -0.00174 -0.00163 -0.00147 -0.00128 -0.00104-0.000757 -0.00042-3.13e-05 0.000404 0.000876  0.00136  0.00183  0.00222  0.00249  0.00259  0.00259
        9|  -0.0017  -0.0017 -0.00171  -0.0017 -0.00166  -0.0016 -0.00152  -0.0014 -0.00125 -0.00106 -0.00084-0.000577-0.000274 6.55e-05 0.000435 0.000823  0.00121  0.00156  0.00186  0.00205  0.00211  0.00211
        8| -0.00152 -0.00152 -0.00153 -0.00151 -0.00148 -0.00142 -0.00133 -0.00121 -0.00107-0.000894-0.000686-0.000446-0.000176 0.000119 0.000433 0.000752  0.00106  0.00134  0.00156   0.0017  0.00175  0.00175
        7| -0.00138 -0.00138 -0.00138 -0.00136 -0.00132 -0.00126 -0.00118 -0.00106-0.000926-0.000761-0.000569-0.000352-0.000112 0.000146 0.000413 0.000679 0.000931  0.00115  0.00132  0.00143  0.00146  0.00146
        6| -0.00126 -0.00126 -0.00126 -0.00124  -0.0012 -0.00114 -0.00105-0.000947-0.000815 -0.00066-0.000483-0.000285-7.02e-05 0.000156 0.000386 0.000612 0.000821    0.001  0.00114  0.00122  0.00125  0.00125
        5| -0.00116 -0.00116 -0.00116 -0.00114  -0.0011 -0.00104 -0.00096-0.000856 -0.00073-0.000584 -0.00042-0.000238-4.39e-05 0.000158  0.00036 0.000555 0.000732 0.000883 0.000997  0.00107  0.00109  0.00109
        4| -0.00109 -0.00109 -0.00109 -0.00107 -0.00103 -0.00097 -0.00089-0.000789-0.000668 -0.00053-0.000375-0.000206-2.73e-05 0.000156 0.000337  0.00051 0.000666 0.000796 0.000894 0.000953 0.000969 0.000969
        3| -0.00104 -0.00104 -0.00104 -0.00102-0.000982-0.000922-0.000842-0.000743-0.000627-0.000493-0.000344-0.000184-1.67e-05 0.000154 0.000321 0.000479  0.00062 0.000737 0.000824 0.000876  0.00089  0.00089
        2| -0.00102 -0.00102 -0.00102-0.000996-0.000955-0.000895-0.000816-0.000718-0.000602-0.000471-0.000326-0.000171-9.75e-06 0.000153 0.000313 0.000462 0.000595 0.000704 0.000786 0.000834 0.000847 0.000847
        1| -0.00102 -0.00102 -0.00101-0.000992-0.000951 -0.00089 -0.00081-0.000711-0.000595-0.000464 -0.00032-0.000165-5.09e-06 0.000156 0.000313  0.00046  0.00059 0.000697 0.000776 0.000823 0.000835 0.000835
        0| -0.00102 -0.00102 -0.00101-0.000992-0.000951 -0.00089 -0.00081-0.000711-0.000595-0.000464 -0.00032-0.000165-5.09e-06 0.000156 0.000313  0.00046  0.00059 0.000697 0.000776 0.000823 0.000835 0.000835

