nCells: 20x20, dx: 0.1, dy: 0.1

p (22x22): 
         |        0        1        2        3        4        5        6        7        8        9       10       11       12       13       14       15       16       17       18       19       20       21
-------------------------------------------------------------------------------------------------------------------------------------------------------------------------------------------------------------------------
       21|  -0.0156  -0.0156  -0.0111  -0.0108  -0.0109  -0.0106    -0.01  -0.0092  -0.0082 -0.00711 -0.00598 -0.00484 -0.00374  -0.0027 -0.00169-0.000577 0.000878  0.00371   0.0108   0.0277   0.0574   0.0574
       20|  -0.0156  -0.0156  -0.0111  -0.0108  -0.0109  -0.0106    -0.01  -0.0092  -0.0082 -0.00711 -0.00598 -0.00484 -0.00374  -0.0027 -0.00169-0.000577 0.000878  0.00371   0.0108   0.0277   0.0574   0.0574
       19|  -0.0115  -0.0115  -0.0113  -0.0111  -0.0107  -0.0102 -0.00956 -0.00871 -0.00775  -0.0067  -0.0056  -0.0045 -0.00341 -0.00236 -0.00136-0.000414 0.000588  0.00205  0.00555   0.0149   0.0303   0.0303
       18| -0.00943 -0.00943 -0.00949 -0.00942 -0.00921 -0.00883 -0.00828 -0.00758 -0.00675 -0.00584 -0.00486 -0.00384 -0.00279 -0.00172-0.000621 0.000544  0.00189  0.00368  0.00668   0.0124   0.0193   0.0193
       17| -0.00807 -0.00807 -0.00813 -0.00807 -0.00789 -0.00757 -0.00711 -0.00651  -0.0058 -0.00499 -0.00411 -0.00316 -0.00216 -0.00109 7.39e-05  0.00139  0.00297  0.00503  0.00787   0.0116   0.0149   0.0149
       16| -0.00701 -0.00701 -0.00704 -0.00697  -0.0068 -0.00652 -0.00611 -0.00559 -0.00496 -0.00424 -0.00343 -0.00256  -0.0016-0.000562 0.000593  0.00191  0.00347  0.00535   0.0076  0.00996   0.0116   0.0116
       15| -0.00612 -0.00612 -0.00613 -0.00606 -0.00589 -0.00563 -0.00526  -0.0048 -0.00423 -0.00358 -0.00285 -0.00204 -0.00115-0.000173 0.000912  0.00213   0.0035  0.00505  0.00668  0.00814  0.00901  0.00901
       14| -0.00536 -0.00536 -0.00536 -0.00528 -0.00512 -0.00488 -0.00455 -0.00412 -0.00361 -0.00303 -0.00236 -0.00162-0.000807 8.54e-05  0.00106  0.00213  0.00328  0.00449  0.00565  0.00659  0.00707  0.00707
       13| -0.00472 -0.00472 -0.00471 -0.00462 -0.00447 -0.00424 -0.00394 -0.00355 -0.00309 -0.00256 -0.00196 -0.00129-0.000559 0.000237  0.00109    0.002  0.00294  0.00387  0.00471  0.00534  0.00563  0.00563
       12| -0.00416 -0.00416 -0.00414 -0.00406 -0.00392  -0.0037 -0.00342 -0.00307 -0.00266 -0.00218 -0.00164 -0.00104-0.000389 0.000308  0.00104   0.0018  0.00257  0.00329   0.0039  0.00434  0.00453  0.00453
       11| -0.00368 -0.00368 -0.00366 -0.00358 -0.00345 -0.00325 -0.00299 -0.00267  -0.0023 -0.00187 -0.00138-0.000852 -0.00028 0.000325 0.000953  0.00159   0.0022  0.00276  0.00323  0.00355  0.00368  0.00368
       10| -0.00326 -0.00326 -0.00325 -0.00317 -0.00305 -0.00287 -0.00263 -0.00234   -0.002 -0.00162 -0.00119-0.000716-0.000215 0.000308 0.000841  0.00137  0.00187  0.00231  0.00267  0.00291  0.00301  0.00301
        9| -0.00291 -0.00291  -0.0029 -0.00283 -0.00271 -0.00254 -0.00233 -0.00207 -0.00176 -0.00142 -0.00103-0.000618-0.000181 0.000271 0.000725  0.00117  0.00158  0.00194  0.00222  0.00241  0.00248  0.00248
        8| -0.00262 -0.00262  -0.0026 -0.00254 -0.00243 -0.00228 -0.00208 -0.00184 -0.00157 -0.00126-0.000915-0.000549-0.000166 0.000225 0.000613 0.000986  0.00133  0.00162  0.00185    0.002  0.00206  0.00206
        7| -0.00238 -0.00238 -0.00236  -0.0023  -0.0022 -0.00206 -0.00188 -0.00166 -0.00141 -0.00113-0.000827-0.000501-0.000164 0.000177 0.000513  0.00083  0.00112  0.00136  0.00155  0.00167  0.00172  0.00172
        6| -0.00218 -0.00218 -0.00216  -0.0021 -0.00201 -0.00188 -0.00172 -0.00152 -0.00129 -0.00104 -0.00076-0.000469-0.000169 0.000132 0.000425   0.0007 0.000947  0.00115  0.00131  0.00141  0.00145  0.00145
        5| -0.00202 -0.00202   -0.002 -0.00195 -0.00186 -0.00174 -0.00159  -0.0014 -0.00119-0.000962-0.000711-0.000447-0.000176 9.32e-05 0.000353 0.000596 0.000812 0.000992  0.00113  0.00121  0.00125  0.00125
        4|  -0.0019  -0.0019 -0.00188 -0.00183 -0.00175 -0.00164 -0.00149 -0.00132 -0.00112-0.000908-0.000675-0.000432-0.000184 6.15e-05 0.000297 0.000516 0.000709 0.000869  0.00099  0.00107   0.0011   0.0011
        3| -0.00181 -0.00181  -0.0018 -0.00175 -0.00167 -0.00156 -0.00142 -0.00126 -0.00108 -0.00087-0.000651-0.000422 -0.00019 3.84e-05 0.000257 0.000459 0.000637 0.000784 0.000894 0.000964  0.00099  0.00099
        2| -0.00176 -0.00176 -0.00175  -0.0017 -0.00162 -0.00152 -0.00138 -0.00123 -0.00105-0.000848-0.000636-0.000416-0.000194 2.47e-05 0.000233 0.000425 0.000594 0.000733 0.000837 0.000903 0.000927 0.000927
        1| -0.00175 -0.00175 -0.00173 -0.00169 -0.00161  -0.0015 -0.00137 -0.00121 -0.00104-0.000839 -0.00063-0.000413-0.000194 2.07e-05 0.000226 0.000414 0.000579 0.000715 0.000816  0.00088 0.000904 0.000904
        0| -0.00175 -0.00175 -0.00173 -0.00169 -0.00161  -0.0015 -0.00137 -0.00121 -0.00104-0.000839 -0.00063-0.000413-0.000194 2.07e-05 0.000226 0.000414 0.000579 0.000715 0.000816  0.00088 0.000904 0.000904

