nCells: 20x20, dx: 0.1, dy: 0.1

p (22x22): 
         |        0        1        2        3        4        5        6        7        8        9       10       11       12       13       14       15       16       17       18       19       20       21
-------------------------------------------------------------------------------------------------------------------------------------------------------------------------------------------------------------------------
       21| -0.00916 -0.00916 -0.00374 -0.00281  -0.0027 -0.00279 -0.00298 -0.00322 -0.00354 -0.00394 -0.00445 -0.00511 -0.00598  -0.0072 -0.00899  -0.0116  -0.0146  -0.0148 -0.00195   0.0382    0.103    0.103
       20| -0.00916 -0.00916 -0.00374 -0.00281  -0.0027 -0.00279 -0.00298 -0.00322 -0.00354 -0.00394 -0.00445 -0.00511 -0.00598  -0.0072 -0.00899  -0.0116  -0.0146  -0.0148 -0.00195   0.0382    0.103    0.103
       19| -0.00516 -0.00516 -0.00453 -0.00395 -0.00364 -0.00354 -0.00358 -0.00372 -0.00395 -0.00428 -0.00473 -0.00533 -0.00613 -0.00729 -0.00905  -0.0118  -0.0161  -0.0214  -0.0195  0.00272   0.0417   0.0417
       18| -0.00387 -0.00387 -0.00373  -0.0035 -0.00338 -0.00336 -0.00344 -0.00359 -0.00382 -0.00414 -0.00457 -0.00513 -0.00591 -0.00704 -0.00878  -0.0117  -0.0163  -0.0228  -0.0267  -0.0171  0.00235  0.00235
       17| -0.00314 -0.00314 -0.00313 -0.00306 -0.00304 -0.00307 -0.00316 -0.00331 -0.00353 -0.00382 -0.00421 -0.00473 -0.00543 -0.00644 -0.00799  -0.0105  -0.0148  -0.0206  -0.0246  -0.0188 -0.00806 -0.00806
       16| -0.00264 -0.00264 -0.00267 -0.00267 -0.00269 -0.00275 -0.00284 -0.00298 -0.00317 -0.00341 -0.00373 -0.00414 -0.00468 -0.00543 -0.00652 -0.00821  -0.0108  -0.0141  -0.0157  -0.0112 -0.00473 -0.00473
       15| -0.00226 -0.00226  -0.0023 -0.00232 -0.00236 -0.00242  -0.0025 -0.00262 -0.00276 -0.00294 -0.00317 -0.00344 -0.00377 -0.00418  -0.0047  -0.0054 -0.00629 -0.00703 -0.00618 -0.00208  0.00227  0.00227
       14| -0.00194 -0.00194 -0.00197 -0.00201 -0.00204  -0.0021 -0.00216 -0.00224 -0.00234 -0.00245 -0.00257 -0.00269 -0.00282 -0.00292 -0.00296  -0.0029  -0.0026 -0.00167 0.000394  0.00394  0.00693  0.00693
       13| -0.00165 -0.00165 -0.00169 -0.00172 -0.00175 -0.00178 -0.00183 -0.00187 -0.00192 -0.00196 -0.00198 -0.00198 -0.00193  -0.0018 -0.00153 -0.00104-0.000146  0.00129  0.00338  0.00592  0.00781  0.00781
       12|  -0.0014  -0.0014 -0.00143 -0.00145 -0.00147 -0.00149 -0.00151 -0.00152 -0.00152  -0.0015 -0.00145 -0.00135 -0.00119 -0.00091-0.000475 0.000203  0.00119  0.00252  0.00412  0.00568  0.00671  0.00671
       11| -0.00117 -0.00117  -0.0012 -0.00121 -0.00122 -0.00122 -0.00122  -0.0012 -0.00116  -0.0011 -0.00099-0.000829 -0.00059-0.000243 0.000251  0.00093  0.00181  0.00287  0.00398   0.0049   0.0054   0.0054
       10|-0.000967-0.000967-0.000986-0.000995-0.000994-0.000982-0.000957-0.000914-0.000847-0.000748-0.000606-0.000408-0.000136 0.000229 0.000711  0.00132  0.00204  0.00284  0.00359  0.00415  0.00441  0.00441
        9|-0.000786-0.000786-0.000801-0.000803-0.000793-0.000769-0.000729-0.000667 -0.00058-0.000459-0.000297-8.23e-05 0.000196 0.000549 0.000986   0.0015  0.00208  0.00267  0.00319  0.00355  0.00369  0.00369
        8|-0.000627-0.000627-0.000638-0.000635-0.000618-0.000584-0.000533-0.000459-0.000358-0.000225 -5.4e-05 0.000163 0.000432 0.000758  0.00114  0.00157  0.00203  0.00247  0.00284  0.00308  0.00316  0.00316
        7|-0.000491-0.000491-0.000499-0.000492-0.000469-0.000429-0.000369-0.000287-0.000178-4.01e-05 0.000133 0.000344 0.000596  0.00089  0.00122  0.00158  0.00194  0.00228  0.00255  0.00272  0.00278  0.00278
        6|-0.000378-0.000378-0.000384-0.000373-0.000346-0.000301-0.000235-0.000148-3.61e-05 0.000103 0.000273 0.000474 0.000708 0.000971  0.00126  0.00156  0.00185  0.00211  0.00232  0.00245  0.00249  0.00249
        5|-0.000288-0.000288-0.000292-0.000279-0.000248-0.000199-0.000131-4.05e-05 7.31e-05 0.000212 0.000376 0.000567 0.000783  0.00102  0.00127  0.00152  0.00177  0.00198  0.00215  0.00225  0.00227  0.00227
        4|-0.000221-0.000221-0.000224-0.000208-0.000175-0.000124-5.27e-05 3.93e-05 0.000153  0.00029  0.00045 0.000631 0.000832  0.00105  0.00127   0.0015   0.0017  0.00188  0.00202   0.0021  0.00212  0.00212
        3|-0.000177-0.000177-0.000178-0.000161-0.000126 -7.3e-05  2.2e-08 9.34e-05 0.000208 0.000343 0.000499 0.000674 0.000865  0.00107  0.00127  0.00147  0.00166  0.00181  0.00193    0.002  0.00202  0.00202
        2|-0.000155-0.000155-0.000155-0.000137-0.000101 -4.6e-05 2.86e-05 0.000123 0.000238 0.000374 0.000528 0.000699 0.000884  0.00108  0.00127  0.00146  0.00163  0.00178  0.00189  0.00195  0.00197  0.00197
        1|-0.000154-0.000154-0.000154-0.000136-9.85e-05-4.21e-05 3.41e-05 0.000131 0.000247 0.000384 0.000538  0.00071 0.000894  0.00108  0.00128  0.00146  0.00163  0.00177  0.00187  0.00194  0.00195  0.00195
        0|-0.000154-0.000154-0.000154-0.000136-9.85e-05-4.21e-05 3.41e-05 0.000131 0.000247 0.000384 0.000538  0.00071 0.000894  0.00108  0.00128  0.00146  0.00163  0.00177  0.00187  0.00194  0.00195  0.00195

