nCells: 20x20, dx: 0.1, dy: 0.1

p (22x22): 
         |        0        1        2        3        4        5        6        7        8        9       10       11       12       13       14       15       16       17       18       19       20       21
-------------------------------------------------------------------------------------------------------------------------------------------------------------------------------------------------------------------------
       21| -0.00919 -0.00919 -0.00377 -0.00282  -0.0027 -0.00279 -0.00296  -0.0032 -0.00351 -0.00391 -0.00441 -0.00507 -0.00595 -0.00719 -0.00901  -0.0116  -0.0145  -0.0144 -0.00111   0.0394    0.105    0.105
       20| -0.00919 -0.00919 -0.00377 -0.00282  -0.0027 -0.00279 -0.00296  -0.0032 -0.00351 -0.00391 -0.00441 -0.00507 -0.00595 -0.00719 -0.00901  -0.0116  -0.0145  -0.0144 -0.00111   0.0394    0.105    0.105
       19| -0.00518 -0.00518 -0.00455 -0.00396 -0.00364 -0.00353 -0.00357  -0.0037 -0.00393 -0.00426 -0.00471 -0.00531 -0.00613 -0.00732 -0.00913  -0.0119  -0.0161  -0.0211  -0.0188  0.00377   0.0428   0.0428
       18| -0.00389 -0.00389 -0.00375 -0.00351 -0.00339 -0.00336 -0.00343 -0.00358 -0.00382 -0.00414 -0.00457 -0.00516 -0.00596 -0.00714 -0.00896  -0.0119  -0.0166  -0.0231  -0.0266  -0.0169  0.00244  0.00244
       17| -0.00316 -0.00316 -0.00315 -0.00308 -0.00305 -0.00308 -0.00317 -0.00332 -0.00354 -0.00385 -0.00425 -0.00479 -0.00554 -0.00661 -0.00829  -0.0111  -0.0156  -0.0218  -0.0259  -0.0201 -0.00925 -0.00925
       16| -0.00266 -0.00266 -0.00269 -0.00269  -0.0027 -0.00276 -0.00285   -0.003 -0.00319 -0.00345 -0.00379 -0.00423 -0.00482 -0.00565 -0.00689 -0.00886   -0.012  -0.0158  -0.0179  -0.0134  -0.0067  -0.0067
       15| -0.00227 -0.00227 -0.00231 -0.00233 -0.00237 -0.00243 -0.00252 -0.00264 -0.00279 -0.00299 -0.00323 -0.00353 -0.00391  -0.0044 -0.00506 -0.00599 -0.00727 -0.00851 -0.00809 -0.00398 0.000515 0.000515
       14| -0.00195 -0.00195 -0.00198 -0.00201 -0.00205 -0.00211 -0.00217 -0.00226 -0.00236 -0.00249 -0.00263 -0.00278 -0.00294  -0.0031 -0.00324 -0.00332 -0.00323 -0.00258-0.000681  0.00298  0.00614  0.00614
       13| -0.00166 -0.00166 -0.00169 -0.00172 -0.00175 -0.00179 -0.00183 -0.00188 -0.00194 -0.00199 -0.00203 -0.00205 -0.00203 -0.00193 -0.00171 -0.00128-0.000463 0.000932  0.00308  0.00585  0.00791  0.00791
       12|  -0.0014  -0.0014 -0.00143 -0.00145 -0.00147 -0.00149 -0.00151 -0.00152 -0.00153 -0.00152 -0.00148 -0.00139 -0.00124-0.000976-0.000555 0.000111  0.00111   0.0025  0.00422  0.00597  0.00714  0.00714
       11| -0.00116 -0.00116 -0.00119  -0.0012 -0.00121 -0.00122 -0.00121 -0.00119 -0.00116  -0.0011-0.000994-0.000837-0.000601-0.000255 0.000244 0.000943  0.00187    0.003   0.0042  0.00523  0.00582  0.00582
       10|-0.000951-0.000951 -0.00097-0.000978-0.000977-0.000966-0.000941-0.000898-0.000831-0.000732 -0.00059 -0.00039-0.000114  0.00026 0.000758   0.0014  0.00217  0.00302  0.00384  0.00447  0.00476  0.00476
        9|-0.000763-0.000763-0.000778-0.000779-0.000768-0.000744-0.000703-0.000641-0.000552-0.000429-0.000263-4.28e-05 0.000244 0.000611  0.00107  0.00161  0.00223  0.00287  0.00343  0.00383  0.00399  0.00399
        8|-0.000598-0.000598-0.000609-0.000605-0.000586-0.000552-0.000498-0.000422-0.000319-0.000182-4.87e-06  0.00022   0.0005 0.000841  0.00124   0.0017  0.00219  0.00266  0.00307  0.00333  0.00342  0.00342
        7|-0.000456-0.000456-0.000464-0.000456-0.000431-0.000389-0.000327-0.000242-0.000129 1.43e-05 0.000194 0.000414 0.000678 0.000988  0.00134  0.00172  0.00211  0.00247  0.00276  0.00295  0.00301  0.00301
        6|-0.000338-0.000338-0.000344-0.000332-0.000303-0.000255-0.000187-9.59e-05 2.09e-05 0.000166 0.000344 0.000555   0.0008  0.00108  0.00138   0.0017  0.00201   0.0023  0.00252  0.00266   0.0027   0.0027
        5|-0.000244-0.000244-0.000247-0.000233  -0.0002-0.000149-7.68e-05 1.76e-05 0.000136 0.000281 0.000454 0.000655 0.000882  0.00113   0.0014  0.00167  0.00193  0.00216  0.00234  0.00244  0.00247  0.00247
        4|-0.000173-0.000173-0.000175-0.000158-0.000124-6.93e-05 5.37e-06 0.000102 0.000221 0.000365 0.000533 0.000724 0.000936  0.00117   0.0014  0.00164  0.00186  0.00205   0.0022  0.00229  0.00231  0.00231
        3|-0.000126-0.000126-0.000127-0.000109 -7.2e-05-1.56e-05 6.11e-05 0.000159 0.000279 0.000421 0.000585  0.00077 0.000971  0.00118   0.0014  0.00162  0.00181  0.00198  0.00211  0.00219  0.00221  0.00221
        2|-0.000103-0.000103-0.000103-8.34e-05-4.51e-05  1.3e-05 9.15e-05 0.000191 0.000312 0.000454 0.000617 0.000797 0.000992   0.0012   0.0014   0.0016  0.00179  0.00194  0.00206  0.00213  0.00215  0.00215
        1|-0.000101-0.000101-0.000101-8.11e-05-4.19e-05 1.75e-05 9.76e-05 0.000199 0.000321 0.000465 0.000628 0.000808    0.001   0.0012  0.00141   0.0016  0.00178  0.00193  0.00205  0.00211  0.00213  0.00213
        0|-0.000101-0.000101-0.000101-8.11e-05-4.19e-05 1.75e-05 9.76e-05 0.000199 0.000321 0.000465 0.000628 0.000808    0.001   0.0012  0.00141   0.0016  0.00178  0.00193  0.00205  0.00211  0.00213  0.00213

