nCells: 20x20, dx: 0.1, dy: 0.1

p (22x22): 
         |        0        1        2        3        4        5        6        7        8        9       10       11       12       13       14       15       16       17       18       19       20       21
-------------------------------------------------------------------------------------------------------------------------------------------------------------------------------------------------------------------------
       21|  -0.0128  -0.0128 -0.00804 -0.00786 -0.00823 -0.00849 -0.00852 -0.00833 -0.00793 -0.00736 -0.00668 -0.00593 -0.00519 -0.00456 -0.00411 -0.00384 -0.00313-0.000655  0.00758    0.029    0.066    0.066
       20|  -0.0128  -0.0128 -0.00804 -0.00786 -0.00823 -0.00849 -0.00852 -0.00833 -0.00793 -0.00736 -0.00668 -0.00593 -0.00519 -0.00456 -0.00411 -0.00384 -0.00313-0.000655  0.00758    0.029    0.066    0.066
       19| -0.00897 -0.00897  -0.0087 -0.00858 -0.00855 -0.00849 -0.00833 -0.00802 -0.00756 -0.00698 -0.00629 -0.00556 -0.00482 -0.00415 -0.00364 -0.00338 -0.00341 -0.00291 0.000393    0.012   0.0319   0.0319
       18| -0.00735 -0.00735 -0.00741 -0.00743 -0.00745  -0.0074 -0.00725 -0.00697 -0.00656 -0.00604 -0.00543 -0.00475 -0.00404 -0.00334 -0.00267 -0.00205 -0.00146-0.000587  0.00187  0.00868   0.0179   0.0179
       17| -0.00632 -0.00632 -0.00641 -0.00644 -0.00645 -0.00638 -0.00623 -0.00596 -0.00559 -0.00512 -0.00456 -0.00392 -0.00322 -0.00247 -0.00165-0.000708  0.00047  0.00218  0.00502  0.00963   0.0141   0.0141
       16| -0.00553 -0.00553 -0.00559 -0.00562  -0.0056 -0.00551 -0.00535  -0.0051 -0.00475 -0.00431 -0.00378 -0.00317 -0.00247 -0.00168-0.000769  0.00033  0.00173   0.0036  0.00612  0.00912   0.0114   0.0114
       15| -0.00486 -0.00486 -0.00491 -0.00491 -0.00487 -0.00477  -0.0046 -0.00436 -0.00402 -0.00361  -0.0031 -0.00251 -0.00183 -0.00105-0.000127 0.000972  0.00231  0.00394  0.00583  0.00767  0.00886  0.00886
       14| -0.00429 -0.00429 -0.00432 -0.00431 -0.00425 -0.00414 -0.00397 -0.00372 -0.00341 -0.00301 -0.00253 -0.00197 -0.00133-0.000579 0.000286  0.00129  0.00245  0.00374  0.00508  0.00621  0.00684  0.00684
       13|  -0.0038  -0.0038 -0.00381 -0.00379 -0.00372  -0.0036 -0.00343 -0.00319 -0.00289 -0.00251 -0.00207 -0.00154-0.000943-0.000258 0.000518  0.00139  0.00234  0.00333  0.00427    0.005  0.00535  0.00535
       12| -0.00336 -0.00336 -0.00337 -0.00334 -0.00326 -0.00314 -0.00297 -0.00274 -0.00245  -0.0021 -0.00169 -0.00121-0.000666-5.43e-05 0.000621  0.00135  0.00212  0.00287  0.00355  0.00403  0.00425  0.00425
       11| -0.00298 -0.00298 -0.00299 -0.00295 -0.00287 -0.00275 -0.00259 -0.00237  -0.0021 -0.00177 -0.00139-0.000959-0.000473 6.35e-05 0.000642  0.00125  0.00186  0.00244  0.00293  0.00327  0.00341  0.00341
       10| -0.00266 -0.00266 -0.00266 -0.00262 -0.00254 -0.00242 -0.00226 -0.00206  -0.0018 -0.00151 -0.00116-0.000773-0.000343 0.000122 0.000613  0.00111  0.00161  0.00205  0.00242  0.00267  0.00277  0.00277
        9| -0.00238 -0.00238 -0.00238 -0.00234 -0.00226 -0.00215 -0.00199  -0.0018 -0.00157  -0.0013-0.000985-0.000638 -0.00026 0.000142 0.000558 0.000974  0.00137  0.00172  0.00201  0.00219  0.00226  0.00226
        8| -0.00214 -0.00214 -0.00214  -0.0021 -0.00202 -0.00192 -0.00177 -0.00159 -0.00138 -0.00113 -0.00085-0.000541-0.000208  0.00014 0.000494 0.000841  0.00117  0.00145  0.00167  0.00181  0.00187  0.00187
        7| -0.00195 -0.00195 -0.00194  -0.0019 -0.00183 -0.00173 -0.00159 -0.00143 -0.00123   -0.001-0.000748-0.000472-0.000179 0.000124 0.000428 0.000721  0.00099  0.00122   0.0014  0.00151  0.00155  0.00155
        6| -0.00178 -0.00178 -0.00178 -0.00174 -0.00167 -0.00157 -0.00145 -0.00129 -0.00111-0.000902-0.000672-0.000423-0.000163 0.000104 0.000367 0.000619 0.000847  0.00104  0.00119  0.00128  0.00131  0.00131
        5| -0.00166 -0.00166 -0.00165 -0.00161 -0.00155 -0.00146 -0.00134 -0.00119 -0.00102-0.000827-0.000616 -0.00039-0.000155 8.28e-05 0.000316 0.000535 0.000733 0.000898  0.00102   0.0011  0.00113  0.00113
        4| -0.00156 -0.00156 -0.00155 -0.00152 -0.00145 -0.00137 -0.00125 -0.00111-0.000953-0.000773-0.000576-0.000367-0.000152 6.45e-05 0.000275 0.000471 0.000646 0.000792 0.000902  0.00097 0.000992 0.000992
        3| -0.00149 -0.00149 -0.00148 -0.00145 -0.00139  -0.0013 -0.00119 -0.00106-0.000907-0.000735-0.000549-0.000352 -0.00015  5.1e-05 0.000245 0.000426 0.000586 0.000719 0.000818 0.000879   0.0009   0.0009
        2| -0.00146 -0.00146 -0.00145 -0.00141 -0.00135 -0.00127 -0.00116 -0.00103 -0.00088-0.000713-0.000533-0.000343-0.000149 4.34e-05 0.000229   0.0004 0.000552 0.000677  0.00077 0.000827 0.000846 0.000846
        1| -0.00145 -0.00145 -0.00144  -0.0014 -0.00134 -0.00126 -0.00115 -0.00102-0.000871-0.000705-0.000526-0.000339-0.000147 4.26e-05 0.000225 0.000393 0.000541 0.000663 0.000754  0.00081 0.000829 0.000829
        0| -0.00145 -0.00145 -0.00144  -0.0014 -0.00134 -0.00126 -0.00115 -0.00102-0.000871-0.000705-0.000526-0.000339-0.000147 4.26e-05 0.000225 0.000393 0.000541 0.000663 0.000754  0.00081 0.000829 0.000829

