nCells: 20x20, dx: 0.1, dy: 0.1

p (22x22): 
         |        0        1        2        3        4        5        6        7        8        9       10       11       12       13       14       15       16       17       18       19       20       21
-------------------------------------------------------------------------------------------------------------------------------------------------------------------------------------------------------------------------
       21|  -0.0106  -0.0106 -0.00549 -0.00505 -0.00536 -0.00578 -0.00615 -0.00644 -0.00662 -0.00667 -0.00662 -0.00649 -0.00634  -0.0063 -0.00656 -0.00738 -0.00842 -0.00691  0.00278   0.0305   0.0774   0.0774
       20|  -0.0106  -0.0106 -0.00549 -0.00505 -0.00536 -0.00578 -0.00615 -0.00644 -0.00662 -0.00667 -0.00662 -0.00649 -0.00634  -0.0063 -0.00656 -0.00738 -0.00842 -0.00691  0.00278   0.0305   0.0774   0.0774
       19|  -0.0068  -0.0068 -0.00636 -0.00611 -0.00609 -0.00621 -0.00636 -0.00647 -0.00652 -0.00649 -0.00637 -0.00619 -0.00601 -0.00591 -0.00609 -0.00685  -0.0085  -0.0102 -0.00748  0.00734   0.0336   0.0336
       18| -0.00543 -0.00543 -0.00542 -0.00539 -0.00545 -0.00556 -0.00566 -0.00573 -0.00574 -0.00568 -0.00555 -0.00537 -0.00517 -0.00503 -0.00504 -0.00538 -0.00623 -0.00742 -0.00664  0.00156   0.0144   0.0144
       17| -0.00462 -0.00462 -0.00469 -0.00473  -0.0048 -0.00487 -0.00493 -0.00496 -0.00493 -0.00484 -0.00469 -0.00448 -0.00424 -0.00399 -0.00375 -0.00354 -0.00332 -0.00276-0.000684  0.00482   0.0112   0.0112
       16| -0.00404 -0.00404  -0.0041 -0.00416 -0.00421 -0.00426 -0.00428 -0.00427  -0.0042 -0.00408  -0.0039 -0.00365 -0.00334 -0.00295 -0.00248 -0.00185-0.000917 0.000609  0.00321  0.00713   0.0105   0.0105
       15| -0.00356 -0.00356 -0.00361 -0.00366 -0.00369 -0.00371  -0.0037 -0.00365 -0.00356 -0.00341 -0.00319  -0.0029 -0.00253 -0.00205 -0.00143-0.000591 0.000576  0.00222  0.00444  0.00695  0.00879  0.00879
       14| -0.00315 -0.00315 -0.00319 -0.00322 -0.00324 -0.00323  -0.0032 -0.00312   -0.003 -0.00282 -0.00258 -0.00226 -0.00185 -0.00133 -0.00066 0.000205  0.00132  0.00272  0.00433  0.00585  0.00679  0.00679
       13| -0.00279 -0.00279 -0.00282 -0.00284 -0.00284 -0.00281 -0.00276 -0.00266 -0.00252 -0.00233 -0.00207 -0.00174 -0.00132-0.000796 -0.00015 0.000645   0.0016  0.00269   0.0038  0.00473  0.00521  0.00521
       12| -0.00247 -0.00247  -0.0025  -0.0025 -0.00249 -0.00245 -0.00238 -0.00227 -0.00212 -0.00191 -0.00165 -0.00132-0.000917-0.000425 0.000161 0.000847  0.00162  0.00244  0.00321   0.0038  0.00406  0.00406
       11|  -0.0022  -0.0022 -0.00222 -0.00221 -0.00219 -0.00214 -0.00205 -0.00194 -0.00178 -0.00157 -0.00132   -0.001-0.000625 -0.00018 0.000333 0.000907  0.00152  0.00214  0.00268  0.00307  0.00322  0.00322
       10| -0.00195 -0.00195 -0.00197 -0.00196 -0.00193 -0.00187 -0.00178 -0.00166  -0.0015  -0.0013 -0.00106-0.000763-0.000419-2.54e-05 0.000413 0.000887  0.00137  0.00184  0.00223  0.00249  0.00259  0.00259
        9| -0.00175 -0.00175 -0.00175 -0.00174  -0.0017 -0.00164 -0.00155 -0.00143 -0.00127 -0.00108-0.000854-0.000586-0.000278 6.59e-05 0.000438 0.000827  0.00121  0.00157  0.00186  0.00205  0.00211  0.00211
        8| -0.00157 -0.00157 -0.00157 -0.00156 -0.00152 -0.00145 -0.00136 -0.00124 -0.00109-0.000913-0.000701-0.000457-0.000183 0.000116 0.000431 0.000752  0.00106  0.00134  0.00156   0.0017  0.00175  0.00175
        7| -0.00142 -0.00142 -0.00142  -0.0014 -0.00136  -0.0013 -0.00121 -0.00109 -0.00095-0.000781-0.000586-0.000364-0.000121 0.000139 0.000408 0.000676 0.000928  0.00115  0.00132  0.00143  0.00146  0.00146
        6| -0.00129 -0.00129  -0.0013 -0.00128 -0.00123 -0.00117 -0.00108-0.000973-0.000839 -0.00068  -0.0005-0.000299-8.13e-05 0.000147  0.00038 0.000606 0.000816 0.000997  0.00113  0.00122  0.00125  0.00125
        5|  -0.0012  -0.0012  -0.0012 -0.00118 -0.00114 -0.00107-0.000988-0.000882-0.000754-0.000605-0.000437-0.000253-5.63e-05 0.000147 0.000351 0.000547 0.000726 0.000878 0.000992  0.00106  0.00108  0.00108
        4| -0.00113 -0.00113 -0.00112  -0.0011 -0.00106   -0.001-0.000917-0.000814-0.000691 -0.00055-0.000393-0.000221-4.07e-05 0.000144 0.000327 0.000501 0.000658  0.00079 0.000888 0.000947 0.000964 0.000964
        3| -0.00108 -0.00108 -0.00108 -0.00105 -0.00101-0.000951-0.000869-0.000768-0.000649-0.000513-0.000363  -0.0002-3.07e-05 0.000141  0.00031 0.000469 0.000612  0.00073 0.000818  0.00087 0.000884 0.000884
        2| -0.00105 -0.00105 -0.00105 -0.00103-0.000985-0.000924-0.000843-0.000743-0.000625-0.000492-0.000345-0.000188-2.41e-05 0.000141 0.000302 0.000452 0.000586 0.000696 0.000778 0.000827  0.00084  0.00084
        1| -0.00105 -0.00105 -0.00105 -0.00102 -0.00098-0.000918-0.000836-0.000736-0.000618-0.000484-0.000338-0.000182-1.96e-05 0.000143 0.000302 0.000449  0.00058 0.000688 0.000768 0.000815 0.000828 0.000828
        0| -0.00105 -0.00105 -0.00105 -0.00102 -0.00098-0.000918-0.000836-0.000736-0.000618-0.000484-0.000338-0.000182-1.96e-05 0.000143 0.000302 0.000449  0.00058 0.000688 0.000768 0.000815 0.000828 0.000828

