nCells: 20x20, dx: 0.1, dy: 0.1

p (22x22): 
         |        0        1        2        3        4        5        6        7        8        9       10       11       12       13       14       15       16       17       18       19       20       21
-------------------------------------------------------------------------------------------------------------------------------------------------------------------------------------------------------------------------
       21| -0.00985 -0.00985 -0.00465 -0.00404 -0.00424  -0.0046 -0.00499 -0.00536 -0.00569 -0.00597 -0.00619 -0.00637 -0.00656 -0.00687 -0.00751 -0.00883  -0.0108  -0.0102  0.00015   0.0314   0.0837   0.0837
       20| -0.00985 -0.00985 -0.00465 -0.00404 -0.00424  -0.0046 -0.00499 -0.00536 -0.00569 -0.00597 -0.00619 -0.00637 -0.00656 -0.00687 -0.00751 -0.00883  -0.0108  -0.0102  0.00015   0.0314   0.0837   0.0837
       19| -0.00605 -0.00605 -0.00553 -0.00518 -0.00509 -0.00518 -0.00536 -0.00557 -0.00576 -0.00593 -0.00606 -0.00617  -0.0063 -0.00654  -0.0071 -0.00838  -0.0109  -0.0143   -0.012  0.00473   0.0346   0.0346
       18| -0.00473 -0.00473 -0.00468  -0.0046 -0.00462 -0.00472 -0.00486 -0.00502 -0.00516 -0.00527 -0.00536 -0.00543 -0.00552  -0.0057  -0.0061 -0.00701 -0.00881  -0.0115   -0.012  -0.0033   0.0116   0.0116
       17| -0.00398 -0.00398 -0.00402 -0.00404 -0.00409 -0.00418 -0.00429 -0.00439 -0.00448 -0.00455 -0.00458  -0.0046  -0.0046 -0.00464 -0.00476 -0.00505 -0.00555 -0.00603 -0.00492 0.000833  0.00832  0.00832
       16| -0.00345 -0.00345 -0.00351 -0.00355 -0.00361 -0.00368 -0.00375 -0.00381 -0.00385 -0.00386 -0.00384 -0.00377 -0.00367 -0.00353 -0.00334 -0.00305 -0.00254 -0.00145 0.000903  0.00523  0.00935  0.00935
       15| -0.00302 -0.00302 -0.00308 -0.00313 -0.00317 -0.00322 -0.00326 -0.00328 -0.00327 -0.00323 -0.00315 -0.00301  -0.0028 -0.00251 -0.00209 -0.00145-0.000453  0.00111  0.00345  0.00641  0.00873  0.00873
       14| -0.00267 -0.00267 -0.00271 -0.00275 -0.00278 -0.00281 -0.00282  -0.0028 -0.00276 -0.00267 -0.00254 -0.00234 -0.00206 -0.00167 -0.00112-0.000358 0.000712  0.00216  0.00395  0.00576  0.00697  0.00697
       13| -0.00236 -0.00236 -0.00239 -0.00242 -0.00244 -0.00244 -0.00242 -0.00238 -0.00231 -0.00219 -0.00202 -0.00178 -0.00146 -0.00103-0.000454 0.000295  0.00125  0.00241  0.00366  0.00474  0.00535  0.00535
       12| -0.00208 -0.00208 -0.00211 -0.00213 -0.00213 -0.00212 -0.00208 -0.00202 -0.00192 -0.00178 -0.00159 -0.00133-0.000995-0.000565-2.35e-05 0.000643  0.00143  0.00231  0.00316  0.00383  0.00414  0.00414
       11| -0.00184 -0.00184 -0.00186 -0.00187 -0.00186 -0.00184 -0.00179 -0.00171  -0.0016 -0.00144 -0.00124-0.000979-0.000653 -0.00025 0.000234 0.000799  0.00143  0.00208  0.00267  0.00309  0.00327  0.00327
       10| -0.00163 -0.00163 -0.00165 -0.00165 -0.00163 -0.00159 -0.00153 -0.00145 -0.00132 -0.00117-0.000964-0.000713-0.000408-4.47e-05 0.000375 0.000842  0.00134  0.00182  0.00224  0.00253  0.00263  0.00263
        9| -0.00145 -0.00145 -0.00146 -0.00145 -0.00143 -0.00139 -0.00132 -0.00123  -0.0011-0.000946-0.000751-0.000515-0.000237 8.41e-05 0.000442 0.000825  0.00122  0.00158  0.00189  0.00208  0.00215  0.00215
        8| -0.00129 -0.00129  -0.0013 -0.00129 -0.00126 -0.00121 -0.00114 -0.00105-0.000926-0.000773-0.000588 -0.00037 -0.00012 0.000161 0.000464  0.00078  0.00109  0.00137   0.0016  0.00174  0.00179  0.00179
        7| -0.00116 -0.00116 -0.00116 -0.00115 -0.00112 -0.00107-0.000999-0.000904-0.000784-0.000638-0.000465-0.000266-4.12e-05 0.000204 0.000462 0.000724 0.000975   0.0012  0.00137  0.00148  0.00151  0.00151
        6| -0.00105 -0.00105 -0.00105 -0.00104 -0.00101-0.000956-0.000884 -0.00079-0.000674-0.000536-0.000374-0.000191 1.05e-05 0.000226 0.000449 0.000669 0.000876  0.00105  0.00119  0.00128   0.0013   0.0013
        5|-0.000962-0.000962-0.000965 -0.00095-0.000917-0.000866-0.000794-0.000703-0.000591-0.000459-0.000307-0.000139  4.4e-05 0.000236 0.000431 0.000621 0.000795 0.000944  0.00106  0.00112  0.00114  0.00114
        4|-0.000898-0.000898-0.000901-0.000885-0.000851-0.000799-0.000728-0.000638 -0.00053-0.000403 -0.00026-0.000103 6.57e-05  0.00024 0.000415 0.000582 0.000734 0.000862 0.000958  0.00101  0.00103  0.00103
        3|-0.000856-0.000856-0.000858-0.000841-0.000807-0.000754-0.000684-0.000595-0.000489-0.000366-0.000228-7.87e-05 7.98e-05 0.000242 0.000403 0.000556 0.000693 0.000807 0.000892 0.000942 0.000954 0.000954
        2|-0.000836-0.000836-0.000836-0.000819-0.000783 -0.00073-0.000659-0.000571-0.000465-0.000344 -0.00021-6.41e-05 8.89e-05 0.000245 0.000397 0.000542  0.00067 0.000777 0.000856 0.000902 0.000913 0.000913
        1|-0.000834-0.000834-0.000834-0.000817-0.000781-0.000727-0.000655-0.000565-0.000459-0.000337-0.000203-5.75e-05 9.44e-05 0.000248 0.000399 0.000541 0.000667 0.000771 0.000848 0.000892 0.000903 0.000903
        0|-0.000834-0.000834-0.000834-0.000817-0.000781-0.000727-0.000655-0.000565-0.000459-0.000337-0.000203-5.75e-05 9.44e-05 0.000248 0.000399 0.000541 0.000667 0.000771 0.000848 0.000892 0.000903 0.000903

