nCells: 20x20, dx: 0.1, dy: 0.1

p (22x22): 
         |        0        1        2        3        4        5        6        7        8        9       10       11       12       13       14       15       16       17       18       19       20       21
-------------------------------------------------------------------------------------------------------------------------------------------------------------------------------------------------------------------------
       21| -0.00941 -0.00941 -0.00395 -0.00295 -0.00279 -0.00284   -0.003 -0.00322 -0.00353 -0.00393 -0.00444 -0.00512 -0.00604  -0.0073 -0.00903  -0.0112  -0.0129  -0.0101  0.00559   0.0463     0.11     0.11
       20| -0.00941 -0.00941 -0.00395 -0.00295 -0.00279 -0.00284   -0.003 -0.00322 -0.00353 -0.00393 -0.00444 -0.00512 -0.00604  -0.0073 -0.00903  -0.0112  -0.0129  -0.0101  0.00559   0.0463     0.11     0.11
       19| -0.00537 -0.00537 -0.00472 -0.00409 -0.00373  -0.0036 -0.00363 -0.00375 -0.00398 -0.00432 -0.00479 -0.00543 -0.00631 -0.00757 -0.00939  -0.0119   -0.015   -0.017  -0.0111   0.0123   0.0499   0.0499
       18|  -0.0041  -0.0041 -0.00394 -0.00368 -0.00352 -0.00349 -0.00355 -0.00371 -0.00395  -0.0043 -0.00478 -0.00545 -0.00638 -0.00773 -0.00973  -0.0127  -0.0166  -0.0204    -0.02 -0.00948  0.00807  0.00807
       17| -0.00337 -0.00337 -0.00335 -0.00327 -0.00322 -0.00325 -0.00334 -0.00352 -0.00377 -0.00413 -0.00462 -0.00529 -0.00625 -0.00767 -0.00989  -0.0133  -0.0181  -0.0233  -0.0255    -0.02  -0.0103  -0.0103
       16| -0.00287 -0.00287 -0.00289 -0.00288  -0.0029 -0.00296 -0.00307 -0.00324 -0.00349 -0.00383 -0.00429 -0.00492 -0.00581 -0.00717 -0.00933  -0.0128   -0.018  -0.0236  -0.0257  -0.0211  -0.0146  -0.0146
       15| -0.00247 -0.00247  -0.0025 -0.00252 -0.00256 -0.00263 -0.00275 -0.00291 -0.00312 -0.00341 -0.00379 -0.00432 -0.00505 -0.00614 -0.00788  -0.0107  -0.0148   -0.019  -0.0201  -0.0158  -0.0108  -0.0108
       14| -0.00211 -0.00211 -0.00215 -0.00218 -0.00223 -0.00229 -0.00239 -0.00252 -0.00269  -0.0029 -0.00318 -0.00355 -0.00404 -0.00474  -0.0058 -0.00744 -0.00968  -0.0118  -0.0114 -0.00738 -0.00352 -0.00352
       13| -0.00179 -0.00179 -0.00182 -0.00185 -0.00189 -0.00195 -0.00202 -0.00211 -0.00222 -0.00235 -0.00251  -0.0027 -0.00293 -0.00322 -0.00361 -0.00412 -0.00467 -0.00475 -0.00318  0.00046  0.00331  0.00331
       12| -0.00148 -0.00148 -0.00151 -0.00154 -0.00157  -0.0016 -0.00164 -0.00169 -0.00174 -0.00179 -0.00183 -0.00186 -0.00187 -0.00183 -0.00172 -0.00147-0.000949 0.000209   0.0023  0.00524  0.00723  0.00723
       11|  -0.0012  -0.0012 -0.00123 -0.00124 -0.00126 -0.00127 -0.00128 -0.00129 -0.00128 -0.00125  -0.0012 -0.00111-0.000947-0.000687-0.000276 0.000359  0.00137  0.00281   0.0047  0.00673    0.008    0.008
       10|-0.000943-0.000943-0.000961-0.000969 -0.00097-0.000963-0.000945-0.000912-0.000858-0.000774-0.000648-0.000463-0.000195 0.000189 0.000733  0.00151  0.00254  0.00382  0.00522  0.00645  0.00714  0.00714
        9|-0.000707-0.000707 -0.00072 -0.00072-0.000708-0.000682 -0.00064-0.000577-0.000486-0.000358-0.000182 5.91e-05 0.000384 0.000819  0.00139  0.00213  0.00303  0.00404  0.00501  0.00574  0.00608  0.00608
        8|-0.000495-0.000495-0.000504-0.000497-0.000474-0.000433-0.000372-0.000286-0.000168-1.03e-05 0.000197 0.000466 0.000812  0.00125   0.0018  0.00245  0.00318  0.00394  0.00462  0.00508  0.00525  0.00525
        7|-0.000311-0.000311-0.000317-0.000303-0.000271-0.000219-0.000143   -4e-05 9.62e-05 0.000272 0.000495 0.000773  0.00112  0.00153  0.00203  0.00258  0.00317  0.00375  0.00423  0.00454  0.00464  0.00464
        6|-0.000155-0.000155-0.000158 -0.00014-0.000101-3.95e-05 4.67e-05 0.000161 0.000309 0.000494 0.000723    0.001  0.00133  0.00171  0.00215  0.00262   0.0031  0.00354   0.0039  0.00413   0.0042   0.0042
        5|-2.91e-05-2.91e-05-2.96e-05-7.52e-06 3.66e-05 0.000104 0.000198  0.00032 0.000474 0.000664 0.000892  0.00116  0.00147  0.00183  0.00221  0.00261  0.00301  0.00337  0.00365  0.00382  0.00387  0.00387
        4| 6.65e-05 6.65e-05 6.77e-05 9.26e-05 0.000141 0.000213 0.000312 0.000439 0.000597 0.000788  0.00101  0.00128  0.00157   0.0019  0.00224  0.00259  0.00293  0.00322  0.00345  0.00359  0.00363  0.00363
        3| 0.000131 0.000131 0.000134 0.000161 0.000211 0.000287  0.00039 0.000521 0.000681 0.000873   0.0011  0.00135  0.00163  0.00194  0.00225  0.00257  0.00287  0.00312  0.00332  0.00344  0.00347  0.00347
        2| 0.000164 0.000164 0.000168 0.000197  0.00025 0.000328 0.000433 0.000567 0.000729 0.000922  0.00114  0.00139  0.00167  0.00196  0.00226  0.00256  0.00283  0.00307  0.00324  0.00335  0.00338  0.00338
        1|  0.00017  0.00017 0.000174 0.000202 0.000256 0.000336 0.000443 0.000579 0.000743 0.000938  0.00116  0.00141  0.00168  0.00197  0.00227  0.00256  0.00282  0.00305  0.00322  0.00332  0.00335  0.00335
        0|  0.00017  0.00017 0.000174 0.000202 0.000256 0.000336 0.000443 0.000579 0.000743 0.000938  0.00116  0.00141  0.00168  0.00197  0.00227  0.00256  0.00282  0.00305  0.00322  0.00332  0.00335  0.00335

